1 0.07928125 0.6125555555555556 0.071921875 0.03824999999999995
1 0.1781640625 0.6014027777777777 0.06796875 0.043722222222222246
1 0.270515625 0.5789166666666666 0.04813281250000001 0.02652777777777781
1 0.3307265625 0.5719166666666666 0.04639843749999999 0.03273611111111118
1 0.3771015625 0.5607222222222222 0.03828906249999999 0.025486111111111143
1 0.0501953125 0.6614444444444445 0.0890234375 0.029958333333333403
1 0.20387499999999997 0.6425277777777778 0.099515625 0.03758333333333326
1 0.2915390625 0.6241805555555556 0.0631875 0.05391666666666674
1 0.3718359375 0.602375 0.050492187499999994 0.040625
1 0.412921875 0.5901666666666667 0.04459374999999999 0.036402777777777826
1 0.4690390625 0.5785416666666667 0.03892187499999995 0.048499999999999946
1 0.1228203125 0.7160972222222223 0.10217968750000002 0.053388888888888965
1 0.2019921875 0.7007777777777777 0.088640625 0.053055555555555536
5 0.36476796875 0.6785388888888889 0.404246875 0.6971083333333333 0.41634609375 0.7356875 0.41904531250000004 0.7692208333333335 0.44956562499999997 0.7528902777777778 0.4873546875 0.7466555555555555 0.4909140625 0.7303263888888889 0.4848296875 0.6990611111111111 0.49678203125 0.6789375 0.5210375 0.6839541666666666 0.533228125 0.6959333333333333 0.5510921875 0.6928361111111111 0.549671875 0.6563986111111112 0.5174671875 0.6344055555555556 0.359375 0.6666666666666666 0.36476796875 0.6785388888888889
1 0.3808359375 0.6434444444444444 0.06707031249999998 0.03184722222222215
1 0.4509921875 0.6393194444444444 0.05823437499999997 0.043777777777777756
1 0.4843046875 0.6166666666666667 0.04815625000000008 0.041402777777777705
1 0.5495390625 0.6013611111111111 0.04367187500000007 0.05625
1 0.052414062500000004 0.8356111111111111 0.09630468749999999 0.11061111111111124
1 0.175171875 0.7894444444444444 0.1259140625 0.07927777777777768
1 0.284421875 0.7661250000000001 0.10010156249999999 0.070125
1 0.3828046875 0.7439444444444444 0.0994140625 0.07373611111111107
1 0.5116171875 0.7240138888888888 0.07720312499999996 0.09955555555555565
1 0.5882031249999999 0.6885694444444445 0.058507812500000075 0.04886111111111112
1 0.66109375 0.660375 0.05798437500000002 0.042958333333333265
1 0.64959375 0.6277222222222222 0.06482031250000002 0.03576388888888889
1 0.182328125 0.934375 0.14420312500000004 0.13123611111111114
1 0.3208984375 0.8870555555555555 0.13327343750000004 0.11543055555555541
1 0.49107031250000005 0.8418611111111111 0.12844531250000008 0.09787500000000003
1 0.6838124999999999 0.7600694444444445 0.07075781249999995 0.07822222222222214
1 0.764109375 0.7265694444444445 0.05520312500000006 0.049097222222222174
1 0.8425546875000001 0.7043472222222222 0.04164062500000014 0.04254166666666674
1 0.803875 0.6693194444444445 0.049515625000000084 0.04319444444444447
1 0.6144999999999999 0.9791666666666666 0.09831249999999994 0.041666666666666664
1 0.7227265625 0.9305833333333333 0.11448437499999997 0.11116666666666662
1 0.8229921875 0.8405277777777778 0.08490624999999996 0.14570833333333344
1 0.9028203124999999 0.8062638888888889 0.0698359374999999 0.13272222222222216
1 0.9578515624999999 0.7741805555555555 0.07764062500000009 0.09887500000000007
1 0.9811796875000001 0.7273472222222223 0.03764062499999987 0.06075000000000001
5 0.0026109375 0.6568069444444444 0.06079375 0.6381736111111111 0.0777390625 0.6594305555555556 0.08454453125 0.6693597222222223 0.16645703125 0.6323583333333334 0.152665625 0.6188444444444444 0.00213046875 0.6325763888888889 0.0026109375 0.6568069444444444
5 0.21452734375000002 0.6190916666666666 0.2586140625 0.609025 0.29022734375 0.5947513888888889 0.31655625 0.603525 0.3500453125 0.5989333333333333 0.319296875 0.5809708333333333 0.19460234375000002 0.5997472222222222 0.21452734375000002 0.6190916666666666
5 0.34904921875 0.5938875 0.379671875 0.5914763888888889 0.39787734375 0.5792638888888889 0.427884375 0.5877472222222222 0.45536640625 0.5803888888888888 0.41896171875 0.5642263888888889 0.32883515625 0.5795458333333333 0.34904921875 0.5938875
5 0.009832031250000001 0.7216847222222224 0.24122734375000002 0.6773791666666666 0.2110125 0.6511305555555555 0.00213046875 0.6843430555555555 0.009832031250000001 0.7216847222222224
5 0.31288828125 0.6493444444444445 0.31699140625 0.6929694444444444 0.35005078125 0.6825722222222222 0.3538625 0.6446791666666667 0.45236484375 0.6216805555555556 0.41854609375 0.6070861111111111 0.28053984375 0.627525 0.31288828125 0.6493444444444445
5 0.46582578124999996 0.6057541666666666 0.503559375 0.6093111111111111 0.53771171875 0.5969708333333333 0.505040625 0.5793874999999999 0.419034375 0.5984847222222223 0.46582578124999996 0.6057541666666666
5 0.001409375 0.8019555555555555 0.088778125 0.7966583333333334 0.12107187500000001 0.7953958333333333 0.08894765624999999 0.7500194444444445 0.0028406250000000003 0.7727277777777778 0.001409375 0.8019555555555555
5 0.1134453125 0.7791041666666667 0.15344765625 0.7578624999999999 0.20649296874999998 0.7565152777777778 0.24600781249999998 0.7419958333333333 0.26190703125 0.7251611111111111 0.3133296875 0.7264444444444444 0.3547890625 0.7103611111111111 0.32102578125000003 0.6921013888888888 0.09303984374999999 0.7424236111111111 0.1134453125 0.7791041666666667
5 0.544921875 0.6516680555555556 0.55851015625 0.6694972222222222 0.5911921875 0.6524375 0.615084375 0.6719791666666667 0.633184375 0.6453111111111112 0.63652421875 0.6223902777777778 0.6048109375 0.5999347222222222 0.5170453125 0.627525 0.544921875 0.6516680555555556
5 0 0.9653027777777778 0.01866875 0.9986111111111111 0.08455625 0.9907666666666667 0.10907265625 0.9744472222222222 0.11862734374999999 0.9158430555555556 0.12742734375 0.8978555555555556 0.1664953125 0.8828125 0.23296015625000002 0.8692583333333334 0.1859515625 0.8305472222222222 0 0.8888888888888888 0 0.9653027777777778
5 0.24825234375 0.8641694444444444 0.29744375 0.8379097222222222 0.36151640625 0.8341319444444445 0.52726875 0.7854125 0.46895546875000005 0.7489194444444445 0.20241484375000002 0.8207069444444445 0.24825234375 0.8641694444444444
5 0.55606640625 0.7436375 0.5595984374999999 0.8463694444444444 0.62928359375 0.8158388888888889 0.66843203125 0.7838638888888888 0.661171875 0.7526236111111111 0.66991640625 0.7304583333333332 0.6951296874999999 0.7324708333333334 0.6931234374999999 0.6879680555555555 0.6382749999999999 0.6649652777777777 0.50355078125 0.7108583333333333 0.55606640625 0.7436375
5 0.64674765625 0.6697097222222221 0.693334375 0.6908041666666667 0.7130515625 0.7193611111111112 0.7287765625 0.7397652777777778 0.7458773437499999 0.7198347222222221 0.7679109375000001 0.7146319444444444 0.77733828125 0.6992194444444444 0.78234609375 0.669798611111111 0.7950609375 0.6476194444444444 0.7705359374999999 0.6338722222222222 0.65269921875 0.6666666666666666 0.64674765625 0.6697097222222221
5 0.37632187500000003 0.9986111111111111 0.41669140625 0.9840888888888889 0.29485390625 0.9364944444444444 0.1995171875 0.991161111111111 0.37632187500000003 0.9986111111111111
5 0.50456796875 0.9986111111111111 0.59900625 0.9493472222222222 0.682421875 0.88295 0.71883984375 0.8666347222222222 0.6278953125 0.8289 0.37068203125 0.9595958333333333 0.50456796875 0.9986111111111111
5 0.733371875 0.8721000000000001 0.74217265625 0.9315513888888889 0.7599359375 0.9332097222222221 0.804625 0.9147486111111112 0.7847000000000001 0.7922583333333334 0.82858125 0.7755833333333333 0.87875546875 0.7592374999999999 0.9065007812499999 0.747075 0.8369234375 0.7178125000000001 0.6709359375 0.7718152777777778 0.733371875 0.8721000000000001
5 0.912296875 0.7478888888888889 0.9648671875 0.7038152777777777 0.9179257812499999 0.6699125 0.8429828125000001 0.7083333333333334 0.912296875 0.7478888888888889
5 0.76366796875 0.9986111111111111 0.98558359375 0.9986111111111111 0.9904718750000001 0.9814305555555556 0.8551953125 0.9213125000000001 0.760596875 0.99495 0.76366796875 0.9986111111111111
5 0.9105015625 0.9491152777777778 0.98771953125 0.9777708333333334 0.99921875 0.9835708333333334 0.99606171875 0.8046180555555557 0.8905679687499999 0.8611111111111112 0.9105015625 0.9491152777777778
3 0.79140625 0.17916666666666667 0.7984375 0.1875 0.859375 0.1875 0.91171875 0.18194444444444444 0.921875 0.1763888888888889 0.90703125 0.14722222222222223 0.89296875 0.0875 0.88125 0.07083333333333333 0.86328125 0.05694444444444444 0.81328125 0.059722222222222225 0.80234375 0.07083333333333333 0.7921875 0.10277777777777777 0.7984375 0.16527777777777777 0.79140625 0.17916666666666667
2 0.01875 0.16805555555555557 0.0265625 0.14305555555555555 0.02265625 0.1111111111111111 0.01484375 0.09861111111111111 0.0015625 0.08888888888888889 0 0.17916666666666667 0.01875 0.16805555555555557
3 0.51095 0.12546805555555557 0.54139609375 0.23194305555555556 0.5712140625 0.2180847222222222 0.564184375 0.13633472222222223 0.5170453125 0.125 0.51095 0.12546805555555557