3 0.10192578125 0.2444763888888889 0.12903359375 0.2528958333333333 0.13469609375 0.22811111111111113 0.14529453125 0.20221805555555555 0.1742359375 0.2510361111111111 0.22253124999999999 0.2535361111111111 0.27073515625 0.20810138888888888 0.294453125 0.140675 0.29313515625000003 0.05420972222222222 0.2427671875 0.0012375 0.15799765625 0.002269444444444444 0.08948828125 0.07702083333333333 0.10192578125 0.2444763888888889
3 0.2814 0.35860000000000003 0.288246875 0.39542916666666666 0.29670859374999997 0.39416666666666667 0.29879765625 0.35663333333333336 0.305778125 0.3324708333333333 0.31812890625 0.3690819444444444 0.32986484374999997 0.39722916666666663 0.35943046875 0.3883861111111111 0.3897234375 0.3540333333333333 0.40048515625 0.3035777777777778 0.40255156249999996 0.27166666666666667 0.38172812500000003 0.23282083333333334 0.35969687499999997 0.22792916666666668 0.34135312500000003 0.23858749999999998 0.3071484375 0.30174861111111106 0.29578203125 0.2932152777777778 0.28196015625 0.2954541666666667 0.2814 0.35860000000000003
3 0.69961015625 0.1447875 0.7308015625000001 0.14844722222222223 0.72726171875 0.19513055555555556 0.7571414062499999 0.19018333333333332 0.76339140625 0.1383125 0.77420078125 0.12135 0.8917624999999999 0.05880555555555556 0.8904171875 0.03994583333333333 0.78765 0.09505694444444444 0.7465101562500001 0.11003611111111111 0.72167421875 0.1150861111111111 0.6221593750000001 0.1111111111111111 0.69961015625 0.1447875
2 0.8931023437500001 0.4220625 0.9176859374999999 0.40507638888888886 0.9176859374999999 0.36091388888888887 0.8852898437500001 0.3369736111111111 0.8777578125 0.3284361111111111 0.8782015624999999 0.3246375 0.8703335937500001 0.3870486111111111 0.8931023437500001 0.4220625
1 0.44346484375 0.9381763888888889 0.4916046875 0.9235125 0.48849765625 0.9067041666666666 0.4395421875 0.9155319444444444 0.44346484375 0.9381763888888889
1 0.59671015625 0.904351388888889 0.61328125 0.914313888888889 0.614296875 0.9423625 0.6232046875 0.9949694444444445 0.6548296875 0.9974944444444445 0.676625 0.9829888888888888 0.6586554687499999 0.9432208333333334 0.63775625 0.8748569444444445 0.59588046875 0.8825763888888889 0.59671015625 0.904351388888889
1 0.6834578125 0.8970611111111111 0.739540625 0.8883222222222222 0.7346828125 0.8594291666666667 0.6796875 0.866161111111111 0.6834578125 0.8970611111111111
1 0.78053671875 0.8835624999999999 0.8366640625 0.8731805555555556 0.83525234375 0.8448152777777779 0.7748578125 0.8510097222222222 0.78053671875 0.8835624999999999
1 0.8706250000000001 0.8669611111111111 0.8955718750000001 0.8655347222222222 0.9257421875 0.8598291666666666 0.9134718749999999 0.847686111111111 0.85866484375 0.8560611111111112 0.8706250000000001 0.8669611111111111
1 0.98282421875 0.8325388888888889 0.98413671875 0.8560013888888889 0.99749765625 0.8597847222222221 0.9968734375 0.8330722222222222 0.9879257812500001 0.8308083333333334 0.98282421875 0.8325388888888889
1 0.78690390625 0.9298597222222222 0.7821351562500001 0.9188124999999999 0.7218320312500001 0.933076388888889 0.78690390625 0.9298597222222222
1 0.82364453125 0.936661111111111 0.897421875 0.9209236111111112 0.89928671875 0.889575 0.82741484375 0.8964652777777778 0.82364453125 0.936661111111111
1 0.9533328125 0.9153847222222222 0.99830234375 0.9038236111111112 0.99921875 0.8829458333333333 0.99578828125 0.8737125 0.9502843750000001 0.886363888888889 0.9533328125 0.9153847222222222
1 0.51627421875 0.9597097222222222 0.5833046875 0.9493416666666666 0.5769124999999999 0.9306986111111111 0.51775546875 0.9444444444444444 0.51627421875 0.9597097222222222
1 0.42814218750000005 0.9749152777777778 0.48734921875000003 0.9658152777777776 0.47915390625 0.9529472222222222 0.42755703125 0.9608583333333333 0.42814218750000005 0.9749152777777778
1 0.5280484375000001 0.998401388888889 0.605221875 0.9933361111111111 0.5973234374999999 0.9763305555555555 0.53196015625 0.9835861111111112 0.5280484375000001 0.998401388888889
1 0.69669140625 0.9986111111111111 0.765253125 0.9905013888888888 0.75499921875 0.9697319444444444 0.6953125 0.9785347222222222 0.69669140625 0.9986111111111111
1 0.8572890624999999 0.9642375 0.85846796875 0.9986111111111111 0.9656812499999999 0.9960388888888889 0.9439867187500001 0.9463777777777779 0.859375 0.9558083333333334 0.8572890624999999 0.9642375