3 0.16895078125000002 0.3999611111111111 0.12723953359375 0.39052702222222224 0.15108984375 0.4726708333333333 0.1858546875 0.4792055555555556 0.19429453125 0.42397638888888883 0.16895078125000002 0.3999611111111111
3 0.449625 0.3718194444444444 0.10095312500000002 0.12495833333333337
3 0.38078124999999996 0.12854166666666667 0.2572968749999999 0.22679166666666667
4 0.0605625 0.12758333333333333 0.11828125 0.25516666666666665
1 0.0654796875 0.9208638888888889 0.1039984375 0.9017472222222223 0.0871390625 0.8793111111111112 0.06321015625000001 0.8876263888888889 0.0654796875 0.9208638888888889
1 0.00522109375 0.9368444444444445 0.0354171875 0.9285333333333333 0.03052578125 0.9114583333333334 0.0063921875 0.9040402777777777 0.00522109375 0.9368444444444445
1 0.16503359374999998 0.9247805555555555 0.20398515625 0.8985958333333334 0.19340078125 0.8787777777777778 0.15625 0.8964652777777778 0.16503359374999998 0.9247805555555555
1 0.09130859375 0.9592513888888888 0.1272359375 0.9368097222222223 0.11691875 0.9109694444444445 0.08380703125 0.9191916666666666 0.09130859375 0.9592513888888888
1 0.26388515625000003 0.9411347222222222 0.3291515625 0.9156902777777778 0.31121015625 0.8777958333333333 0.26704531249999997 0.8989902777777778 0.26388515625000003 0.9411347222222222
1 0.199590625 0.9880291666666666 0.25502734375 0.9646611111111112 0.23681093749999998 0.9538055555555556 0.198771875 0.9767791666666666 0.199590625 0.9880291666666666
1 0.4331828125 0.9546444444444445 0.46683046875 0.9026097222222222 0.44561796875 0.8775055555555555 0.4139375 0.9090458333333333 0.4331828125 0.9546444444444445
1 0.38644687499999997 0.9986111111111111 0.42463828125 0.9728986111111111 0.418065625 0.9580180555555556 0.38533984375 0.9769569444444445 0.38644687499999997 0.9986111111111111
1 0.6102960937499999 0.9610555555555556 0.6371234375 0.9421805555555556 0.61083671875 0.88295 0.5795453125 0.8952013888888888 0.6102960937499999 0.9610555555555556
1 0.58525234375 0.9986111111111111 0.60534140625 0.9767694444444445 0.5868249999999999 0.9320847222222223 0.55042578125 0.9457069444444445 0.58525234375 0.9986111111111111
1 0.5096515625 0.9986111111111111 0.57203515625 0.9971791666666667 0.53950390625 0.9570805555555555 0.5078125 0.9835861111111112 0.5096515625 0.9986111111111111
5 0.73894140625 0.9595569444444444 0.77603671875 0.8863194444444444 0.7081046875 0.8783097222222223 0.6578062499999999 0.94875 0.73894140625 0.9595569444444444
5 0.7022203124999999 0.9986111111111111 0.729553125 0.9665847222222222 0.64698671875 0.9557194444444446 0.59943203125 0.997475 0.7022203124999999 0.9986111111111111
5 0.468846875 0.9986111111111111 0.54590390625 0.9536722222222223 0.47966406250000004 0.9372638888888889 0.39346562500000004 0.9986111111111111 0.468846875 0.9986111111111111
5 0.53338359375 0.9550291666666666 0.6055906249999999 0.8796513888888889 0.55073671875 0.8767166666666667 0.47798281249999997 0.9343430555555555 0.53338359375 0.9550291666666666
5 0.28568359375 0.9376333333333333 0.35139609374999997 0.9501861111111112 0.43326328125 0.891848611111111 0.37655078125 0.8854958333333334 0.28622187499999996 0.9330805555555556 0.28568359375 0.9376333333333333
5 0.2620796875 0.9986111111111111 0.3366140625 0.9581458333333334 0.28337500000000004 0.9397291666666667 0.18821015624999998 0.9898986111111111 0.2620796875 0.9986111111111111
5 0.170765625 0.9411638888888889 0.2752265625 0.9024027777777778 0.24819921875 0.8827430555555557 0.13761484375 0.9325138888888889 0.170765625 0.9411638888888889
5 0.07302578125 0.9986111111111111 0.17297109375 0.9699236111111111 0.140675 0.9343083333333333 0.012784375 0.991161111111111 0.07302578125 0.9986111111111111
5 0 0.9713736111111111 0.052839843750000004 0.9510097222222222 0.0433765625 0.9302402777777778 0 0.9437888888888889 0 0.9713736111111111
5 0.06565703125 0.9375833333333332 0.16455625000000002 0.9014013888888889 0.13292890625 0.8834888888888889 0.051846875 0.9242430555555556 0.06565703125 0.9375833333333332