1 0.55553125 0.6459722222222223 0.051414062499999955 0.046986111111111166
1 0.792703125 0.6360972222222222 0.06693750000000005 0.057541666666666595
1 0.8894296875000001 0.6234027777777779 0.07432031250000008 0.05488888888888886
1 0.9722734375 0.6235833333333334 0.055335937499999946 0.047652777777777704
1 0.5515625 0.6889166666666666 0.07045312500000005 0.03188888888888894
1 0.6346015625 0.6850138888888888 0.06608593749999994 0.041749999999999926
1 0.842609375 0.6910138888888888 0.06873437500000001 0.04112499999999994
1 0.9515781249999999 0.6770694444444445 0.09207031249999993 0.04605555555555551
1 0.5221250000000001 0.7409305555555556 0.07833593749999998 0.0652083333333334
1 0.6590234374999999 0.7445555555555556 0.1106562499999999 0.04719444444444447
1 0.9680390624999999 0.7446805555555555 0.06392187500000013 0.06259722222222214
1 0.46503125 0.8281527777777777 0.12467187499999995 0.06033333333333341
1 0.6474765625 0.8364583333333333 0.12592187500000004 0.08454166666666652
1 0.93465625 0.8550972222222222 0.13067968749999997 0.058680555555555555
1 0.45028125 0.9684305555555556 0.11505468749999999 0.06312500000000007
1 0.5995859375 0.9639583333333333 0.1565546874999999 0.07208333333333346
1 0.9566796875 0.9681666666666667 0.08664062500000007 0.049972222222222244
1 0.5567421875 0.9034583333333334 0.33081250000000006 0.06701388888888889
1 0.5567421875 0.9034583333333334 0.33081250000000006 0.06701388888888889
3 0.47252343750000003 0.07443055555555556 0.162375 0.1488611111111111
1 0.70125234375 0.6956472222222222 0.69841171875 0.7469916666666666 0.71292421875 0.7887416666666667 0.7454 0.7760861111111111 0.75418671875 0.7380055555555556 0.7337312500000001 0.6399736111111112 0.68394921875 0.6325763888888889 0.70125234375 0.6956472222222222
1 0.7751046875000001 0.7456347222222222 0.7892703125 0.8141527777777778 0.7927664062499999 0.93965 0.823059375 0.9173569444444444 0.81660078125 0.7763222222222222 0.85846484375 0.766073611111111 0.83584296875 0.7220944444444445 0.77769921875 0.7348486111111111 0.7751046875000001 0.7456347222222222
5 0.5098515625 0.6744638888888889 0.51052890625 0.6921958333333333 0.5189843749999999 0.6852708333333333 0.56507421875 0.6821 0.58729453125 0.6895277777777777 0.6036710937499999 0.6895277777777777 0.60658671875 0.6765652777777778 0.6379953125 0.6784847222222222 0.6672304687499999 0.6924375 0.6998320312499999 0.6948930555555555 0.6998320312499999 0.6784055555555556 0.69643046875 0.658898611111111 0.51349453125 0.6679291666666667 0.5098515625 0.6744638888888889
5 0.7712984374999999 0.6738138888888889 0.8789921875 0.6712875 0.8982515624999999 0.6641513888888889 0.8989617187500001 0.6549875000000001 0.98061015625 0.6597611111111111 0.9615148437500001 0.6414583333333334 0.7670453125 0.6527777777777778 0.7712984374999999 0.6738138888888889
5 0.47799140625 0.7272680555555556 0.6967359375 0.7212166666666666 0.695315625 0.6935763888888888 0.484375 0.7007569444444445 0.47799140625 0.7272680555555556
5 0.78299765625 0.7230805555555556 0.942271875 0.7246138888888889 0.99921875 0.7177736111111112 0.9985710937500001 0.6937138888888889 0.78480078125 0.6931819444444445 0.78299765625 0.7230805555555556
5 0.44026875 0.7695416666666668 0.42595625000000004 0.7978569444444444 0.7036718750000001 0.8072722222222222 0.69781796875 0.7640916666666666 0.44602265625 0.7651513888888889 0.44026875 0.7695416666666668
5 0.8289796875000001 0.8292291666666666 0.99921875 0.8144180555555555 0.99188203125 0.7737333333333333 0.8188921875 0.7803027777777778 0.8289796875000001 0.8292291666666666
5 0.36070703125 0.9295541666666667 0.7202203125 0.9485680555555557 0.72030078125 0.8860722222222222 0.39417578125 0.8674236111111111 0.36070703125 0.9295541666666667
5 0.90135078125 0.9823180555555555 0.99921875 0.9358236111111111 0.9969539062500001 0.8862902777777778 0.8615054687500001 0.886363888888889 0.90135078125 0.9823180555555555
2 0.99325 0.1336388888888889 0.013492187499999985 0.08294444444444445