3 0.372015625 0.10550000000000001 0.18011718750000005 0.1983611111111111
3 0.4926640625 0.26248611111111114 0.12453125000000007 0.18658333333333338
3 0.87828125 0.07080555555555555 0.24236718750000003 0.12645833333333334
1 0.5456960937499999 0.817911111111111 0.5449859375 0.8395722222222222 0.60539140625 0.8379055555555556 0.60405625 0.8205388888888889 0.5461203125 0.819088888888889 0.5456960937499999 0.817911111111111
1 0.7249421875000001 0.8509013888888889 0.72565234375 0.9207152777777777 0.7325859375 0.9563847222222222 0.75754921875 0.9569180555555555 0.7746640625000001 0.9106638888888889 0.76152734375 0.8731708333333333 0.7422875 0.8019902777777778 0.68963046875 0.7992430555555556 0.7249421875000001 0.8509013888888889
1 0.7842296875 0.8233999999999999 0.8413671875000001 0.8171166666666666 0.8296539062500001 0.7924361111111111 0.7798296875 0.7941916666666666 0.7842296875 0.8233999999999999
1 0.8817999999999999 0.8159333333333333 0.94721015625 0.8129138888888889 0.9394500000000001 0.7897236111111111 0.8771304687500001 0.7891416666666667 0.8817999999999999 0.8159333333333333
1 0.96645859375 0.8119375000000001 0.99921875 0.8176986111111112 0.997234375 0.7959430555555554 0.9659093750000001 0.7967166666666666 0.96645859375 0.8119375000000001
1 0.5460375 0.8827680555555555 0.5986078125 0.8752861111111111 0.60039453125 0.8610069444444444 0.53977265625 0.8598486111111111 0.5460375 0.8827680555555555
1 0.62413125 0.8706208333333333 0.68831015625 0.8665958333333332 0.68239765625 0.8504680555555555 0.62329375 0.8570125 0.62413125 0.8706208333333333
1 0.8981765625 0.8679416666666667 0.89577421875 0.8570513888888889 0.86407734375 0.8464722222222223 0.8267046875 0.8611111111111112 0.8981765625 0.8679416666666667
1 0.9333054687500001 0.8728736111111112 0.99921875 0.8525833333333334 0.9951062500000001 0.8285791666666666 0.9282671875 0.8333333333333334 0.9333054687500001 0.8728736111111112
1 0.5045828125 0.9399708333333333 0.57475390625 0.9377069444444445 0.56865625 0.9013972222222222 0.497159375 0.9015152777777777 0.5045828125 0.9399708333333333
1 0.63588125 0.9426152777777778 0.72010078125 0.9405819444444445 0.70652890625 0.891848611111111 0.6420453125 0.8926763888888889 0.63588125 0.9426152777777778
1 0.8100617187499999 0.9857069444444444 0.84141953125 0.9864763888888889 0.83440625 0.9584569444444445 0.89494765625 0.9497416666666666 0.8591031250000001 0.8970861111111111 0.79900546875 0.9065652777777777 0.8100617187499999 0.9857069444444444
1 0.9718242187499999 0.9458597222222223 0.99921875 0.9451444444444445 0.99921875 0.8899638888888889 0.9701703125 0.9015152777777777 0.9718242187499999 0.9458597222222223
5 0.5159109374999999 0.8607319444444445 0.7208421875 0.8635777777777777 0.7141671875 0.8285541666666666 0.5220171875 0.8333333333333334 0.5159109374999999 0.8607319444444445
5 0.7915625000000001 0.8502847222222223 0.99921875 0.8327708333333333 0.99264765625 0.8046083333333333 0.78480078125 0.8219694444444444 0.7915625000000001 0.8502847222222223
5 0.48876640625 0.9019 0.7057218749999999 0.8910250000000001 0.7146414062499999 0.8682180555555555 0.49928984375 0.8712125000000001 0.48876640625 0.9019
5 0.80105625 0.8971013888888889 0.99921875 0.8813236111111111 0.99921875 0.8644597222222221 0.7949859375 0.8732097222222223 0.80105625 0.8971013888888889
5 0.44624453124999997 0.9867375 0.7233273437500001 0.9811638888888888 0.7268679687499999 0.9366569444444445 0.4700953125 0.9464513888888889 0.44624453124999997 0.9867375
5 0.8594085937499999 0.9942583333333334 0.99921875 0.9960097222222222 0.99790546875 0.9498500000000001 0.8323867187499999 0.9545458333333333 0.8594085937499999 0.9942583333333334