1 0 0.29644583333333335 0.022321874999999998 0.29835416666666664 0.020901562500000002 0.27414305555555557 0 0.2684111111111111 0 0.29644583333333335
1 0.04296015625 0.2838 0.08131796875 0.2998736111111111 0.11262890625 0.3016888888888889 0.10843984375 0.2855402777777778 0.08574609375 0.27034444444444444 0.046164843750000004 0.2803027777777778 0.04296015625 0.2838
1 0.17566171875 0.28568333333333334 0.23483515625 0.29959305555555554 0.2328296875 0.28181666666666666 0.17045468749999998 0.2727277777777778 0.17566171875 0.28568333333333334
1 0.26983671875000004 0.28420972222222224 0.2905859375 0.3036125 0.31072968749999996 0.3048902777777778 0.31072968749999996 0.2825375 0.32292031250000003 0.2707097222222222 0.31261953125 0.2585375 0.28196015625 0.2537875 0.26983671875000004 0.28420972222222224
1 0.3800328125 0.28123055555555554 0.41155156249999997 0.26888055555555557 0.4018390625 0.2554944444444444 0.37327421875 0.2596569444444444 0.3800328125 0.28123055555555554
1 0.43173203125 0.27629305555555556 0.46603125 0.26224583333333334 0.46172812499999993 0.25296944444444447 0.4296875 0.2537875 0.43173203125 0.27629305555555556
1 0.48194765625 0.273625 0.51536171875 0.2637555555555556 0.50810625 0.24671944444444446 0.48224453125 0.2487375 0.48194765625 0.273625
1 0 0.3491611111111111 0.09575859375 0.33701805555555553 0.08873984375 0.3094958333333333 0.0063921875 0.3080805555555556 0 0.3491611111111111
1 0.13481015624999998 0.33841805555555554 0.19613671875 0.3256986111111111 0.1897 0.3130625 0.16995 0.3056888888888889 0.13707421875 0.3118680555555555 0.13481015624999998 0.33841805555555554
1 0.28164921875000004 0.3314152777777778 0.3417 0.3360111111111111 0.32835546875 0.30464861111111113 0.28551171875 0.3106055555555555 0.28164921875000004 0.3314152777777778
1 0.38865234375 0.31423055555555557 0.4283140625 0.3062166666666667 0.420590625 0.28221111111111113 0.3828125 0.28409027777777773 0.38865234375 0.31423055555555557
1 0.46651640624999996 0.30477638888888886 0.5058039062499999 0.2999125 0.5002328125 0.2833013888888889 0.463778125 0.28914166666666663 0.46651640624999996 0.30477638888888886
1 0.5088359375 0.30972361111111113 0.54641171875 0.29420694444444445 0.54433359375 0.2747055555555556 0.50426171875 0.2853541666666667 0.5088359375 0.30972361111111113
1 0.56632578125 0.27760555555555555 0.56445625 0.2976097222222222 0.6028140625 0.2889541666666667 0.5982664062499999 0.27708194444444445 0.56676171875 0.2777777777777778 0.56632578125 0.27760555555555555
1 0.03381328125 0.4251402777777778 0.1339390625 0.41623194444444445 0.12331328125 0.37540972222222224 0.09671328125 0.3617625 0.03125 0.372475 0.03381328125 0.4251402777777778
1 0.19493203125 0.3951722222222222 0.275140625 0.3812583333333333 0.27372890625 0.3595875 0.20361875000000002 0.37443750000000003 0.19493203125 0.3951722222222222
1 0.28158046875 0.3872319444444445 0.34794765625 0.37823055555555557 0.3384375 0.3464333333333333 0.27627812500000004 0.35606111111111105 0.28158046875 0.3872319444444445
1 0.475003125 0.35161666666666663 0.51573046875 0.34086944444444445 0.5061953124999999 0.3283763888888889 0.47585234375 0.3333333333333333 0.475003125 0.35161666666666663
1 0.5465312499999999 0.34956944444444443 0.58471640625 0.3345166666666667 0.58408671875 0.32537777777777777 0.54758515625 0.3244944444444444 0.5465312499999999 0.34956944444444443
1 0.58622890625 0.33975555555555553 0.623984375 0.33365416666666664 0.62008359375 0.3093138888888889 0.60342109375 0.3049486111111111 0.57457421875 0.3156569444444444 0.58622890625 0.33975555555555553
1 0.65857734375 0.3250763888888889 0.69316484375 0.320125 0.69316484375 0.31161249999999996 0.6774125 0.30062777777777777 0.6534093750000001 0.2992430555555556 0.65857734375 0.3250763888888889
1 0.00435859375 0.5383861111111111 0.06781875000000001 0.5286305555555555 0.06457265625 0.4990583333333333 0.0028406250000000003 0.4873736111111111 0.00435859375 0.5383861111111111
1 0.10048359375 0.5198958333333333 0.2184671875 0.4918527777777778 0.20054453125 0.44042916666666665 0.14667890625 0.43704583333333336 0.1079546875 0.4507569444444445 0.10048359375 0.5198958333333333
1 0.24529218749999998 0.4952013888888889 0.3416328125 0.4729472222222222 0.3173078125 0.41986805555555556 0.27961562500000003 0.41609999999999997 0.23792578125000002 0.4444444444444444 0.24529218749999998 0.4952013888888889
1 0.363403125 0.4742694444444444 0.43939765625 0.45761805555555557 0.4219828125 0.4102402777777778 0.39030312500000003 0.40018333333333334 0.35511328125 0.4217166666666667 0.363403125 0.4742694444444444
1 0.46285156250000004 0.4618111111111111 0.52864453125 0.43942777777777775 0.50550390625 0.40100277777777776 0.47668984375 0.3952013888888889 0.45383515625 0.40530277777777773 0.46285156250000004 0.4618111111111111
1 0.6128265625 0.41473888888888893 0.64210390625 0.40071111111111113 0.6333171875 0.3856388888888889 0.6001421875 0.3851013888888889 0.6128265625 0.41473888888888893
1 0.6909625 0.4027138888888889 0.7283515625 0.3877638888888889 0.7246703125 0.37315 0.68323828125 0.37878749999999994 0.6909625 0.4027138888888889
1 0.77240859375 0.3875027777777778 0.81062734375 0.3761638888888889 0.80513125 0.3600805555555555 0.76491484375 0.3648986111111111 0.77240859375 0.3875027777777778
1 0.7619570312499999 0.36617638888888887 0.80349140625 0.33942916666666667 0.79809609375 0.3248305555555555 0.75363984375 0.3362527777777778 0.7619570312499999 0.36617638888888887
1 0.0027937500000000002 0.7674888888888889 0.14879296875 0.6971027777777777 0.14868984375 0.6750763888888889 0.10928359375 0.588763888888889 0.004971875 0.5997472222222222 0.0027937500000000002 0.7674888888888889
1 0.2243375 0.6651527777777778 0.35924765625 0.6145638888888889 0.35711640624999996 0.5399805555555556 0.289728125 0.5270374999999999 0.23482421874999998 0.5542874999999999 0.2243375 0.6651527777777778
1 0.37798515625 0.6100805555555555 0.4061859375 0.5986236111111112 0.45754453125000005 0.6251236111111111 0.4927671875 0.6212861111111111 0.4927671875 0.6013152777777778 0.4801109375 0.5663763888888889 0.45870937500000003 0.5073736111111111 0.36363671875 0.5239902777777778 0.37798515625 0.6100805555555555
1 0.54979375 0.5983819444444444 0.63443828125 0.5637527777777778 0.61339765625 0.5004541666666666 0.54643359375 0.5139680555555556 0.54979375 0.5983819444444444
1 0.7851843749999999 0.5036888888888889 0.8334710937500001 0.48195277777777773 0.8200125 0.4521291666666667 0.78480078125 0.4595958333333333 0.7851843749999999 0.5036888888888889
1 0.8777546875000001 0.4704805555555555 0.92226640625 0.4604986111111111 0.91850390625 0.44334999999999997 0.90060390625 0.43543888888888893 0.8764203125 0.4406569444444445 0.8777546875000001 0.4704805555555555
1 0.9686421875000001 0.4540180555555555 0.99921875 0.4291305555555555 0.9877679687500001 0.4130958333333333 0.9580968750000001 0.4280305555555556 0.9686421875000001 0.4540180555555555
1 0.9469546875000001 0.45161111111111113 0.96789296875 0.41505416666666667 0.9619031250000001 0.3844888888888889 0.9355437500000001 0.3736333333333334 0.9154828125 0.3863638888888889 0.9469546875000001 0.45161111111111113
1 0.32176328125000003 0.9959208333333334 0.49721484374999997 0.8944472222222222 0.49681796875 0.82705 0.47476171875000006 0.7085555555555556 0.39606796875 0.7062763888888889 0.33074375 0.7474208333333334 0.32176328125000003 0.9959208333333334
1 0.6890203125000001 0.8009638888888888 0.79344296875 0.7500499999999999 0.7583203125 0.6619166666666666 0.70933671875 0.6581486111111111 0.66832421875 0.6957069444444445 0.6890203125000001 0.8009638888888888
1 0.8112984375 0.7392236111111111 0.8447546875 0.7361902777777778 0.8838171875 0.6738916666666667 0.8359710937499999 0.5897402777777778 0.7748578125 0.625 0.8112984375 0.7392236111111111
1 0.94449140625 0.6238458333333333 0.959778125 0.6675541666666667 0.9934 0.6557166666666666 0.99837109375 0.5893944444444444 0.9631984375 0.5050111111111111 0.9183242187499999 0.5214652777777777 0.94449140625 0.6238458333333333
5 0.0011015625 0.3095708333333333 0.03128046875 0.3095708333333333 0.08197890625000001 0.3181319444444445 0.0605609375 0.2933875 0.0007101562500000001 0.2904041666666667 0.0011015625 0.3095708333333333
5 0.09991171875 0.3209888888888889 0.29392578125 0.3123666666666667 0.2800046875 0.2948722222222222 0.08380703125 0.2941916666666667 0.09991171875 0.3209888888888889
5 0.3275171875 0.3004902777777778 0.3558625 0.29499583333333335 0.3888046875 0.2825125 0.41996093749999996 0.2906944444444445 0.49895703124999996 0.29265277777777776 0.45737265625 0.27371805555555556 0.30752812500000004 0.2765152777777778 0.3275171875 0.3004902777777778
5 0.50161484375 0.28424444444444447 0.52314921875 0.27824166666666666 0.57892421875 0.27713611111111114 0.5469828125 0.25892777777777776 0.46022734375 0.2727277777777778 0.50161484375 0.28424444444444447
5 0.0033265625 0.3747388888888889 0.1346265625 0.3679277777777778 0.09825 0.3453819444444445 0.0014203125000000001 0.3446972222222222 0.0033265625 0.3747388888888889
5 0.13337265625 0.3764652777777778 0.141934375 0.4140333333333333 0.18801015625 0.39768333333333333 0.19971796875 0.37359444444444445 0.35745546875 0.35070416666666665 0.32830781249999996 0.32329583333333334 0.1079546875 0.34090972222222227 0.13337265625 0.3764652777777778
5 0.43085000000000007 0.3812097222222222 0.469490625 0.36019305555555553 0.468528125 0.3350694444444444 0.5021109375 0.32869722222222225 0.5457765625000001 0.3318833333333333 0.5698046875 0.32127916666666667 0.534071875 0.30423333333333336 0.39772734375 0.3181819444444445 0.43085000000000007 0.3812097222222222
5 0.56758828125 0.3155527777777778 0.5944796875 0.3031333333333333 0.6213796874999999 0.3168458333333333 0.66438125 0.30293194444444443 0.633828125 0.28970833333333335 0.54332421875 0.2941916666666667 0.56758828125 0.3155527777777778
5 0.0038203125 0.47449583333333334 0.10442265625 0.45148194444444445 0.14557734375 0.43488055555555555 0.19593671875000002 0.44233888888888884 0.23387578125 0.44403055555555554 0.19419999999999998 0.40676805555555556 0 0.4330805555555555 0.0038203125 0.47449583333333334
5 0.2318171875 0.43304583333333335 0.26805 0.41569027777777784 0.3124359375 0.42062222222222223 0.34309765625 0.40702916666666666 0.38654687499999996 0.4007166666666667 0.41280312500000005 0.40531249999999996 0.46066874999999996 0.39520694444444443 0.4219828125 0.3727416666666667 0.19673281250000002 0.39772777777777774 0.2318171875 0.43304583333333335
5 0.51365546875 0.38441111111111115 0.5347875 0.44833055555555557 0.60747421875 0.4355819444444445 0.598496875 0.39594722222222223 0.6222867187500001 0.3845541666666667 0.66279453125 0.3959166666666667 0.6606640625 0.3512027777777778 0.639734375 0.3286819444444445 0.47443203125 0.35732361111111116 0.51365546875 0.38441111111111115
5 0.6763945312499999 0.39534027777777775 0.6766687499999999 0.3749847222222222 0.715809375 0.37144444444444447 0.7283296874999999 0.3884208333333333 0.7566359375 0.3742152777777778 0.7590273437499999 0.33164166666666667 0.72675078125 0.31776805555555554 0.6377843750000001 0.3282833333333333 0.6763945312499999 0.39534027777777775
5 0 0.6092319444444444 0.112215625 0.5883791666666667 0.15111171875 0.6963083333333333 0.21880859375 0.6744 0.23184453125 0.5589833333333334 0.27485546875 0.5312055555555556 0.3564453125 0.5271513888888889 0.29725546875000003 0.4820861111111111 0 0.5432152777777778 0 0.6092319444444444
5 0.355125 0.5263180555555556 0.46142265625 0.5170902777777778 0.49383828125000007 0.6190819444444444 0.54474453125 0.605063888888889 0.54788203125 0.5165819444444445 0.581065625 0.49649305555555556 0.63917109375 0.4827666666666666 0.58851796875 0.4490416666666667 0.31676171875 0.48358611111111116 0.355125 0.5263180555555556
5 0.67582265625 0.5568430555555556 0.78672890625 0.5240291666666667 0.78816328125 0.4569375 0.83225859375 0.4632847222222222 0.8328359375 0.4150791666666667 0.76925625 0.3846569444444444 0.6143468750000001 0.4128791666666667 0.67582265625 0.5568430555555556
5 0.77601484375 0.38438055555555556 0.828125 0.40645694444444447 0.8338625000000001 0.4591958333333333 0.8691015625 0.4540916666666667 0.903553125 0.4429152777777778 0.9381078125 0.45545833333333335 0.9388703125 0.3824916666666667 0.8670875 0.3636611111111111 0.78053984375 0.38383888888888884 0.77601484375 0.38438055555555556
5 0.029275000000000002 0.9329375000000001 0.04133203125 0.9984861111111111 0.31680859375 0.9986111111111111 0.31393125 0.7682541666666667 0.33952734375000004 0.7305027777777777 0.42509296875 0.7059013888888889 0.4847328125 0.7740736111111111 0.5088445312500001 0.6673819444444444 0.4038640625 0.6025736111111111 0 0.7651513888888889 0.029275000000000002 0.9329375000000001
5 0.5116828124999999 0.6683833333333333 0.496909375 0.7480375 0.5411679687500001 0.7934569444444445 0.57103125 0.8709902777777778 0.68781640625 0.8098069444444445 0.66446484375 0.7000666666666666 0.7151796874999999 0.6473125 0.79606796875 0.7400222222222222 0.76422109375 0.626425 0.84663828125 0.5843291666666667 0.74183515625 0.5372333333333333 0.4765625 0.6338388888888888 0.5116828124999999 0.6683833333333333
5 0.9341039062500001 0.6511111111111111 0.9181132812499999 0.526036111111111 0.931934375 0.5072208333333333 0.970159375 0.5119263888888889 0.992159375 0.5598569444444444 0.99921875 0.5654833333333333 0.99921875 0.4937902777777778 0.9767984375 0.4587777777777778 0.7891316789062499 0.48474079305555556 0.8625765624999999 0.5289069444444444 0.85091015625 0.6425138888888889 0.8762375 0.6585583333333334 0.9341039062500001 0.6511111111111111
5 0.3232703125 0.9948069444444444 0.7715453125 0.9901208333333332 0.8588617187500001 0.9514625 0.69383671875 0.8136041666666666 0.3232703125 0.9948069444444444
5 0.860684375 0.9503236111111111 0.8714070312500001 0.9920833333333333 0.99921875 0.9986111111111111 0.9983906250000001 0.862236111111111 0.99921875 0.6642888888888889 0.9891328125 0.6567583333333333 0.69105078125 0.8080805555555556 0.860684375 0.9503236111111111