1 0.003909375 0.6329902777777777 0.03329765625 0.6267861111111112 0.026880468749999997 0.6014736111111111 0.00213046875 0.6085861111111112 0.003909375 0.6329902777777777
1 0.046853125 0.6216263888888889 0.10084375000000001 0.6057208333333334 0.09227421875 0.5936263888888889 0.05042578125 0.6010097222222222 0.046853125 0.6216263888888889
1 0.11104786171875 0.5858258555555556 0.11515078125 0.60395 0.15909062499999999 0.6028847222222222 0.1557453125 0.5800777777777778 0.11104786171875 0.5858258555555556
1 0.003384375 0.673 0.0557109375 0.65915 0.04595703125 0.6354458333333334 0.0028406250000000003 0.6414138888888888 0.003384375 0.673
1 0.09789453125 0.6452458333333333 0.1457046875 0.6350958333333333 0.140871875 0.6150027777777778 0.09232968750000001 0.6287874999999999 0.09789453125 0.6452458333333333
1 0.14598203125 0.6383361111111111 0.19453046875 0.6230958333333334 0.17880000000000001 0.6058583333333334 0.14772734375000002 0.6098486111111111 0.14598203125 0.6383361111111111
1 0.20364921875 0.6188694444444445 0.24847421875000003 0.6109736111111111 0.24305 0.5931430555555556 0.205965625 0.5959597222222223 0.20364921875 0.6188694444444445
1 0.1108953125 0.7037611111111112 0.16159062500000002 0.6836138888888889 0.14802421875 0.6681666666666667 0.11008515625 0.6856055555555556 0.1108953125 0.7037611111111112
1 0.188859375 0.6749527777777777 0.23420859374999997 0.6606097222222223 0.2325796875 0.6498930555555555 0.18607968749999998 0.6553027777777778 0.188859375 0.6749527777777777
1 0.2345109375 0.6613986111111111 0.27559609375 0.6470805555555555 0.27071015625 0.6166305555555556 0.2199984375 0.6334986111111112 0.2345109375 0.6613986111111111
1 0.2991109375 0.6476583333333333 0.34078437500000003 0.6276236111111111 0.32378046875 0.6067361111111111 0.29556796875 0.6143361111111111 0.2991109375 0.6476583333333333
1 0.00091015625 0.8626 0.07022890625 0.8343833333333333 0.054121875 0.7715833333333333 0.0022359375 0.7752916666666667 0.00091015625 0.8626
1 0.09720703124999999 0.8269069444444445 0.17733749999999998 0.8019111111111111 0.16920859375 0.7837458333333334 0.13666875 0.7416597222222222 0.08948828125 0.7537874999999999 0.09720703124999999 0.8269069444444445
1 0.25736328125 0.7374375000000001 0.29409765625 0.7166444444444445 0.28120859375 0.7055222222222223 0.25071015625 0.7159097222222223 0.25736328125 0.7374375000000001
1 0.34864375000000003 0.6994944444444445 0.3712515625 0.6752388888888889 0.33670637187499997 0.6885081375000001 0.34864375000000003 0.6994944444444445
1 0.40997890625 0.6799791666666667 0.44498515625 0.6627208333333333 0.44427500000000003 0.6491027777777778 0.411221875 0.6578277777777778 0.40997890625 0.6799791666666667
1 0.4042109375 0.6699472222222222 0.45712578125 0.6578680555555556 0.4326890625 0.6178291666666667 0.40605 0.6190916666666666 0.39204531249999997 0.6351013888888889 0.4042109375 0.6699472222222222
3 0.31322421875 0.23108472222222223 0.341596875 0.19969166666666666 0.33806015624999997 0.16280416666666667 0.2935984375 0.14045694444444445 0.26661796875 0.10636111111111111 0.2721 0.11601805555555555 0.272965625 0.18283888888888888 0.31322421875 0.23108472222222223
3 0.59072578125 0.18174444444444443 0.6173453125 0.17769444444444443 0.62515 0.13266944444444445 0.6069859375 0.08947361111111111 0.5771203125000001 0.08570138888888888 0.5547156249999999 0.10428472222222221 0.553328125 0.1571875 0.59072578125 0.18174444444444443
1 0.43563046875 0.7727277777777778 0.47496484375000003 0.7502708333333334 0.459034375 0.7289944444444444 0.4280421875 0.7453388888888889 0.43563046875 0.7727277777777778
1 0.51182421875 0.7379902777777777 0.54915 0.7206833333333335 0.5358304687500001 0.7048069444444445 0.50355078125 0.7184347222222223 0.51182421875 0.7379902777777777
1 0.5844671875 0.7010388888888889 0.60694765625 0.6791111111111111 0.58979375 0.669038888888889 0.57386328125 0.6805555555555556 0.5844671875 0.7010388888888889
1 0.55840234375 0.712175 0.5718359375000001 0.7006291666666666 0.58820703125 0.6731763888888889 0.58140703125 0.6491819444444444 0.56567109375 0.6340458333333333 0.5454546875 0.643938888888889 0.55840234375 0.712175
1 0.58106328125 0.8911916666666667 0.6174898437499999 0.8795472222222223 0.6104101562500001 0.8283513888888889 0.5852609375 0.7625277777777778 0.55042578125 0.7840902777777777 0.58106328125 0.8911916666666667
1 0.6428304687499999 0.8250083333333333 0.6814796875 0.7863402777777777 0.66557421875 0.7269972222222222 0.6186078125 0.7424236111111111 0.6428304687499999 0.8250083333333333
1 0.68473984375 0.7973194444444445 0.7257078124999999 0.7560708333333334 0.71790390625 0.7065625 0.66324375 0.7154458333333333 0.68473984375 0.7973194444444445
1 0.73111484375 0.7601555555555556 0.7615742187500001 0.7319236111111111 0.7428007812499999 0.6613444444444444 0.6953125 0.6830805555555556 0.73111484375 0.7601555555555556
1 0.45120234375 0.9949625000000001 0.526575 0.9602916666666667 0.4923875 0.8740777777777778 0.42755703125 0.9217166666666666 0.45120234375 0.9949625000000001
1 0.20432343749999998 0.9368277777777777 0.29949140625 0.9005805555555556 0.2687125 0.8340805555555556 0.19176171875 0.8660861111111111 0.20432343749999998 0.9368277777777777
1 0.0035015625000000003 0.9919541666666667 0.138328125 0.9916180555555556 0.09801171875 0.8986680555555556 0.007102343749999999 0.9203791666666666 0.0035015625000000003 0.9919541666666667
5 0.00246640625 0.6513055555555556 0.1437015625 0.6262319444444444 0.11909921875 0.6048555555555555 0 0.6287125 0.00246640625 0.6513055555555556
5 0.13382812500000002 0.6178513888888889 0.21645859375 0.6029125 0.19079296875 0.5891611111111111 0.120028125 0.5958833333333333 0.13382812500000002 0.6178513888888889
5 0.051527343749999996 0.6899541666666666 0.2209640625 0.6441347222222222 0.18345234375 0.6326486111111111 0.01633515625 0.6678541666666666 0.051527343749999996 0.6899541666666666
5 0.21547890625 0.6422013888888889 0.3069015625 0.6120013888888889 0.2816609375 0.6037166666666667 0.18394921875 0.6287125 0.21547890625 0.6422013888888889
5 0.15567265624999999 0.7191680555555556 0.31610390625 0.6729333333333334 0.27865859375 0.6450875 0.106534375 0.7032069444444444 0.15567265624999999 0.7191680555555556
5 0.3049484375 0.6618069444444444 0.4044359375 0.6304583333333333 0.39303828125 0.6095902777777777 0.28338046875 0.6489138888888889 0.3049484375 0.6618069444444444
5 0.31769921874999996 0.7617472222222221 0.32642734375 0.8484333333333333 0.42153671875 0.8014208333333334 0.45906484374999995 0.6942152777777777 0.40781718749999996 0.6753694444444445 0.26065312500000004 0.7410861111111111 0.31769921874999996 0.7617472222222221
5 0.46156718750000003 0.6897625000000001 0.47482578125 0.7422347222222222 0.49800234374999997 0.7473694444444444 0.5028406249999999 0.7197694444444445 0.5458234375 0.7043416666666666 0.5451242187500001 0.6424833333333334 0.52421953125 0.6251319444444445 0.421875 0.6691166666666667 0.46156718750000003 0.6897625000000001
5 0.5018890625 0.8949138888888888 0.50855625 0.7999305555555556 0.54144296875 0.7678333333333334 0.58240546875 0.7628013888888888 0.618175 0.8533805555555555 0.63453828125 0.8449666666666666 0.6230249999999999 0.7485277777777779 0.6587500000000001 0.7259986111111112 0.58843125 0.7059055555555556 0.43607968750000003 0.7751763888888888 0.5018890625 0.8949138888888888
5 0.30696484375 0.9986111111111111 0.48841406249999997 0.8638611111111112 0.39690078125 0.8367888888888889 0.15269921875 0.9986111111111111 0.30696484375 0.9986111111111111
5 0 0.9153819444444445 0.288765625 0.8137902777777778 0.2318640625 0.782273611111111 0.001728125 0.8733069444444443 0 0.9153819444444445
5 0.05404140625 0.7706041666666668 0.090509375 0.7578347222222221 0.049443749999999995 0.7374805555555556 0 0.7524500000000001 0.05404140625 0.7706041666666668
5 0.6576867187500001 0.7275125 0.7286484375 0.6576583333333333 0.66275546875 0.6465611111111111 0.59161953125 0.7044694444444445 0.6576867187500001 0.7275125
5 0.73739921875 0.8793624999999999 0.73671640625 0.9986111111111111 0.84761484375 0.9967777777777778 0.84510078125 0.7663138888888889 0.76953671875 0.7499833333333334 0.63974296875 0.8288930555555556 0.73739921875 0.8793624999999999
5 0.8589640624999999 0.7791222222222222 0.8566312500000001 0.9859513888888889 0.9111796875 0.9324236111111112 0.90551484375 0.6930611111111111 0.8416828125 0.6692888888888888 0.7826703125 0.7385611111111111 0.8589640624999999 0.7791222222222222
5 0.67436640625 0.9986111111111111 0.72937265625 0.9361416666666668 0.6144101562500001 0.8945736111111111 0.49601875 0.9979611111111112 0.67436640625 0.9986111111111111