5 0.3060328125 0.8813527777777778 0.31779375 0.99635 0.34997265624999996 0.987236111111111 0.34854375000000004 0.7881652777777778 0.28563046875000003 0.7839430555555555 0.234375 0.8547986111111112 0.3060328125 0.8813527777777778
5 0.07978984375 0.9986111111111111 0.1948578125 0.9986111111111111 0.3022875 0.9927541666666667 0.29670859374999997 0.8796013888888888 0.22230078125000002 0.863636111111111 0.07978984375 0.9986111111111111
5 0.1060515625 0.8564944444444446 0.18527812500000002 0.7864680555555554 0.1081484375 0.7860347222222223 0.016204687500000002 0.8577916666666667 0.1060515625 0.8564944444444446
5 0 0.9312111111111111 0.102721875 0.8612833333333334 0.0243890625 0.8569833333333333 0 0.8737375000000001 0 0.9312111111111111
1 0.15837812499999998 0.8414416666666666 0.186090625 0.8847361111111111 0.21704921875 0.8622500000000001 0.2150046875 0.8270097222222222 0.19281874999999998 0.7877361111111111 0.15340937500000001 0.8017680555555556 0.15837812499999998 0.8414416666666666
1 0.14014765625 0.9164 0.1683046875 0.9182888888888889 0.1816296875 0.8899055555555555 0.15209140625 0.8389361111111111 0.11931796875 0.8484847222222223 0.14014765625 0.9164
1 0.07405468750000001 0.9542694444444444 0.10005625 0.9771986111111111 0.13991171875 0.9344861111111111 0.10262265625 0.8755819444444444 0.06889218750000001 0.8977277777777778 0.07405468750000001 0.9542694444444444
1 0.00180078125 0.9986111111111111 0.046164843750000004 0.9934499999999999 0.0403109375 0.9693027777777778 0.014759375 0.9356152777777779 0.0007101562500000001 0.9305555555555556 0.00180078125 0.9986111111111111
1 0.001975 0.8500583333333334 0.01721484375 0.8535055555555555 0.04484140625 0.8280111111111111 0.04027734375 0.8227930555555555 0.01905390625 0.8207569444444445 0.0028406250000000003 0.7916666666666666 0.001975 0.8500583333333334
3 0 0.16728333333333334 0.0010125 0.23494722222222222 0.01068125 0.26016944444444445 0.023290625000000002 0.2782013888888889 0.0450546875 0.28680833333333333 0.04935 0.2617041666666667 0.06772421875 0.20953194444444445 0.039606249999999996 0.17502222222222222 0.0007101562500000001 0.16035416666666666 0 0.15630416666666666 0 0.16728333333333334
0 0.57315625 0.7933388888888888 0.6713281249999999 0.9986111111111111 0.8099140625000001 0.9986111111111111 0.79981875 0.005761111111111111 0.74148828125 0.0038958333333333336 0.578125 0.3131319444444445 0.57315625 0.7933388888888888