3 0.28530078125 0.017425 0.29875859375 0.17595833333333333 0.3148609375 0.17940694444444444 0.32068671875 0.12123194444444445 0.35249453124999997 0.1778875 0.40033828125 0.19137222222222225 0.45802734375 0.12935555555555556 0.46963203125 0.0452625 0.45382421875 0.00021666666666666666 0.33235859375 0.0036249999999999998 0.31889453125 0.02600277777777778 0.28693203125 0.02651527777777778 0.28530078125 0.017425
3 0.42739609375 0.32561944444444446 0.4418640625 0.32071805555555555 0.446446875 0.2706027777777778 0.45518046874999996 0.2706027777777778 0.46957109375000006 0.3183944444444444 0.49340859375 0.32030277777777777 0.5285203125 0.26897916666666666 0.5367046875 0.19851944444444444 0.53235390625 0.16546805555555555 0.48898906249999996 0.18366805555555557 0.45326093749999996 0.23452916666666665 0.43406015625 0.22540416666666666 0.42755703125 0.22098472222222224 0.42739609375 0.32561944444444446
1 0.55066484375 0.8470249999999999 0.6027109375 0.8352916666666667 0.5951429687500001 0.8164666666666667 0.55113671875 0.8182069444444445 0.55066484375 0.8470249999999999
1 0.702009375 0.8350055555555554 0.71836953125 0.8350055555555554 0.7288820312500001 0.8438444444444444 0.72394609375 0.863726388888889 0.7283796875 0.9321152777777778 0.77258828125 0.9391819444444445 0.77258828125 0.9176930555555556 0.78301171875 0.9067541666666667 0.76868515625 0.8836611111111111 0.7493593749999999 0.8023555555555556 0.69744296875 0.8068430555555556 0.702009375 0.8350055555555554
1 0.7870539062499999 0.8315875 0.84512890625 0.8194750000000001 0.83464453125 0.7973347222222222 0.78338046875 0.7980055555555555 0.7870539062499999 0.8315875
1 0.8901148437499999 0.8224388888888888 0.9540546875 0.8145083333333334 0.9388125 0.7904541666666666 0.8892046875 0.7967430555555555 0.8901148437499999 0.8224388888888888
1 0.97384375 0.8195388888888888 0.99921875 0.8153319444444445 0.9983546875 0.7966333333333334 0.9730117187499999 0.8043180555555556 0.97384375 0.8195388888888888
1 0.5500546875000001 0.8780097222222223 0.60331015625 0.8714694444444444 0.59747890625 0.8620236111111111 0.58076328125 0.8548680555555556 0.54762109375 0.8614125 0.5500546875000001 0.8780097222222223
1 0.63315078125 0.8724069444444444 0.6925992187500001 0.8678097222222222 0.68742265625 0.8565097222222222 0.660746875 0.8529638888888889 0.6313921875 0.8611361111111111 0.63315078125 0.8724069444444444
1 0.9042749999999999 0.8754388888888889 0.9002078125 0.8579541666666667 0.8641664062500001 0.8555680555555556 0.8345171875 0.866161111111111 0.9042749999999999 0.8754388888888889
1 0.9159960937499999 0.8742055555555556 0.99921875 0.8717638888888888 0.99796328125 0.8378708333333335 0.9278421874999999 0.835686111111111 0.9159960937499999 0.8742055555555556
1 0.49336953125000005 0.9516555555555556 0.57929296875 0.9440208333333334 0.57307578125 0.9142541666666667 0.5559359374999999 0.895463888888889 0.5049718750000001 0.9053027777777778 0.49336953125000005 0.9516555555555556
1 0.6428304687499999 0.9498847222222223 0.72351640625 0.9487305555555555 0.7153679687500001 0.8941416666666667 0.64417578125 0.8989902777777778 0.6428304687499999 0.9498847222222223
1 0.816978125 0.9978347222222222 0.8418304687499999 0.9951708333333333 0.84793125 0.9633194444444445 0.8988671874999999 0.9530750000000001 0.86685703125 0.8963013888888889 0.7997156249999999 0.9116166666666667 0.816978125 0.9978347222222222
1 0.9834343750000001 0.9572236111111111 0.99921875 0.9580125 0.99594375 0.8987680555555556 0.9808242187499999 0.9065652777777777 0.9834343750000001 0.9572236111111111
5 0.5255156249999999 0.8643708333333333 0.5455656249999999 0.8585263888888889 0.5818953125 0.8535902777777779 0.59598359375 0.8636805555555556 0.6259210937499999 0.8648305555555555 0.65252421875 0.8534416666666667 0.72320859375 0.8566972222222222 0.7157617187499999 0.8325152777777777 0.53551171875 0.8396458333333333 0.5255156249999999 0.8643708333333333
5 0.79984921875 0.8527013888888889 0.92232421875 0.8464180555555556 0.9433374999999999 0.8325583333333333 0.99921875 0.8349458333333333 0.990975 0.8151736111111111 0.78693203125 0.8232319444444444 0.79984921875 0.8527013888888889
5 0.491965625 0.9020083333333334 0.5616734375 0.9028513888888889 0.6424703125 0.8982402777777777 0.678721875 0.8835180555555556 0.7198125 0.8960694444444444 0.7142999999999999 0.865776388888889 0.50710234375 0.8737375000000001 0.491965625 0.9020083333333334
5 0.8051867187499999 0.9029694444444445 0.86237109375 0.8936583333333333 0.9777140624999999 0.9104972222222222 0.99921875 0.8946500000000001 0.9975476562500001 0.8719722222222223 0.80539765625 0.86995 0.8051867187499999 0.9029694444444445
5 0.44521015625000004 0.9796791666666667 0.52176171875 0.9804638888888888 0.626140625 0.9803499999999999 0.677834375 0.9808041666666666 0.729775 0.9864458333333334 0.72745859375 0.9465208333333334 0.46946015625 0.9431819444444445 0.44521015625000004 0.9796791666666667
5 0.8585984375000001 0.9986111111111111 0.99921875 0.9940722222222221 0.9954445312500001 0.9606958333333334 0.8416195312499999 0.9595958333333333 0.8585984375000001 0.9986111111111111