5 0.093825 0.9473097222222222 0.196421875 0.8870041666666667 0.14628984375 0.8707430555555555 0.0264171875 0.9445722222222221 0.093825 0.9473097222222222
5 0.00464453125 0.9873291666666666 0.075928125 0.949563888888889 0.00808984375 0.9421861111111112 0.00180078125 0.9512708333333333 0.00464453125 0.9873291666666666
5 0.23436093750000003 0.9974555555555555 0.298359375 0.9603750000000001 0.22132187499999997 0.9529666666666666 0.14630703125 0.997475 0.23436093750000003 0.9974555555555555
5 0.30167421875 0.9582986111111111 0.35379609375 0.8995125 0.29824843749999996 0.8882083333333333 0.22727265624999998 0.9431819444444445 0.30167421875 0.9582986111111111
5 0.49915937499999996 0.9647055555555555 0.52967734375 0.8983388888888888 0.46445546875000004 0.8888347222222223 0.4192171875 0.9582694444444444 0.49915937499999996 0.9647055555555555
5 0.46484921874999996 0.9986111111111111 0.48514921875 0.976498611111111 0.406865625 0.9679513888888889 0.38139218750000003 0.991161111111111 0.46484921874999996 0.9986111111111111
1 0.016590625 0.9370013888888888 0.06035 0.9102750000000001 0.04921953125 0.8774513888888889 0 0.8989902777777778 0.016590625 0.9370013888888888
1 0.21557890624999998 0.9532388888888889 0.24765312499999997 0.9272513888888889 0.24125546875 0.9121138888888889 0.214771875 0.918298611111111 0.21164765624999998 0.9406569444444445 0.21557890624999998 0.9532388888888889
1 0.1840015625 0.9719166666666667 0.20408515624999998 0.9476458333333333 0.22457031249999998 0.912775 0.20578593750000002 0.8832805555555555 0.1796875 0.8964652777777778 0.1840015625 0.9719166666666667
1 0.13946796875 0.9951513888888889 0.176890625 0.9784805555555555 0.17136171875 0.9641625 0.13068203125 0.9873736111111111 0.13946796875 0.9951513888888889
1 0.3479921875 0.9392458333333332 0.3692515625 0.9700222222222223 0.38336171874999997 0.9921680555555555 0.3980296875 0.9696527777777777 0.37511953125 0.8932194444444446 0.34375 0.8989902777777778 0.3479921875 0.9392458333333332
1 0.334059375 0.9986111111111111 0.36387187499999996 0.9986111111111111 0.36837734375000003 0.9878625 0.34266796875 0.9317694444444444 0.31036953125 0.9494944444444444 0.334059375 0.9986111111111111
1 0.26913203124999996 0.9965777777777777 0.312428125 0.9943777777777778 0.2959375 0.9690069444444444 0.26349453125 0.99495 0.26913203124999996 0.9965777777777777
3 0.20163203125 0.3884944444444445 0.25187578125 0.41400833333333337 0.26561093750000003 0.32310416666666664 0.18678984375000002 0.29292916666666663 0.20163203125 0.3884944444444445
3 0.00623671875 0.09502222222222222 0.26358046874999996 0.14904861111111112 0.123415625 0 0.007102343749999999 0.07323194444444445 0.00623671875 0.09502222222222222
0 0.7611585937500001 0.9128347222222222 0.809459375 0.9986111111111111 0.99921875 0.9986111111111111 0.9854289062499999 0.025104166666666667 0.75071015625 0.4166666666666667 0.7611585937500001 0.9128347222222222