3 0.32130312499999997 0.09314305555555556 0.3331578125 0.09966805555555555 0.33526640625000004 0.046287499999999995 0.345953125 0.04272638888888889 0.36698515625 0.09832222222222223 0.40111484375 0.09303472222222223 0.428725 0.05944166666666667 0.431075 0 0.35848749999999996 0.004763888888888889 0.32457421875 0.002525 0.32130312499999997 0.09314305555555556
2 0.908503125 0.091525 0.8974968750000001 0.113 0.8960851562500001 0.1660111111111111 0.91703671875 0.17973194444444446 0.9418445312499999 0.14760416666666668 0.93085234375 0.09470138888888889 0.9112218750000001 0.09469722222222222 0.908503125 0.091525
1 0.44911328125 0.6424791666666666 0.50019453125 0.6312291666666667 0.48989609375 0.6178583333333333 0.45099453125 0.625 0.44911328125 0.6424791666666666
1 0.5979140625 0.6306375000000001 0.60802109375 0.6319 0.62013671875 0.6516875 0.6135390625 0.6652611111111111 0.6188546875000001 0.724161111111111 0.67170546875 0.7093347222222223 0.65553984375 0.6852902777777777 0.6462343749999999 0.6018583333333334 0.5965906249999999 0.6022722222222222 0.5979140625 0.6306375000000001
1 0.6818984375 0.6305097222222222 0.7339585937499999 0.6188847222222222 0.7276140625 0.5974791666666667 0.68181796875 0.6022722222222222 0.6818984375 0.6305097222222222
1 0.77148125 0.6245069444444444 0.832478125 0.6152291666666666 0.82454296875 0.5940013888888889 0.77130703125 0.5946972222222222 0.77148125 0.6245069444444444
1 0.8439 0.6180611111111112 0.911171875 0.6160777777777778 0.902146875 0.6004875 0.8465906249999999 0.6035347222222223 0.8439 0.6180611111111112
1 0.9655875 0.613775 0.99921875 0.6240041666666667 0.9962328125000001 0.5996888888888889 0.9673296875 0.5984847222222223 0.9655875 0.613775
1 0.4454515625 0.6759888888888889 0.50194765625 0.6698430555555556 0.49672343750000003 0.6585583333333334 0.44176171875000003 0.6603541666666667 0.4454515625 0.6759888888888889
1 0.5212234375 0.6749027777777777 0.585615625 0.6646249999999999 0.57711484375 0.6510763888888889 0.5248578125 0.6515152777777777 0.5212234375 0.6749027777777777
1 0.7151875000000001 0.6811625 0.78493671875 0.673038888888889 0.7780203125 0.6529055555555555 0.71519921875 0.6603541666666667 0.7151875000000001 0.6811625
1 0.81220859375 0.6709375 0.8867156250000001 0.6674208333333334 0.87964140625 0.6352791666666667 0.8160507812500001 0.63005 0.81220859375 0.6709375
1 0.9387375 0.6651722222222222 0.998865625 0.6599888888888888 0.9981546874999999 0.6437722222222223 0.97680078125 0.6322847222222222 0.9375 0.6401513888888889 0.9387375 0.6651722222222222
1 0.3934078125 0.697275 0.39481953125 0.7397652777777778 0.473125 0.7405013888888888 0.46616953125 0.7029972222222223 0.39772734375 0.7020208333333333 0.3934078125 0.697275
1 0.5309781250000001 0.7406541666666666 0.61144453125 0.7355638888888889 0.60224765625 0.6885166666666667 0.5418890625 0.6881319444444445 0.5309781250000001 0.7406541666666666
1 0.77160859375 0.7463055555555556 0.7535476562500001 0.7000277777777778 0.6911198039062499 0.7107224416666666 0.6985 0.9459777777777778 0.7382835937500001 0.9353597222222222 0.72104140625 0.7571805555555555 0.77160859375 0.7463055555555556
1 0.84393828125 0.7418861111111111 0.9364648437499999 0.7356472222222223 0.9318039062500001 0.6996972222222222 0.8880109375 0.6841958333333333 0.8458664062500001 0.6982319444444444 0.84393828125 0.7418861111111111
1 0.33416171875 0.8454611111111111 0.43890078125 0.8468027777777778 0.41376796875000005 0.7815847222222222 0.33592343750000003 0.7878791666666667 0.33416171875 0.8454611111111111
1 0.508403125 0.8514347222222223 0.6198203125 0.8482527777777777 0.599609375 0.7879680555555555 0.56128984375 0.7749861111111112 0.5156109375 0.7840902777777777 0.508403125 0.8514347222222223
1 0.78149375 0.8483416666666668 0.89885859375 0.8341569444444444 0.88919296875 0.81615 0.8301804687500001 0.7961444444444445 0.78059765625 0.8109124999999999 0.78149375 0.8483416666666668
1 0.9184085937500001 0.8451361111111112 0.99921875 0.8375458333333333 0.99921875 0.7785763888888889 0.9878843749999999 0.7736097222222222 0.91901953125 0.7803027777777778 0.9184085937500001 0.8451361111111112
1 0.282153125 0.9986111111111111 0.41543437499999997 0.9921180555555557 0.40829843749999994 0.9397347222222223 0.34997421875 0.9188416666666667 0.28828125 0.9431819444444445 0.282153125 0.9986111111111111
1 0.43173046875 0.9916250000000001 0.58313125 0.9919749999999999 0.5607453125 0.9144222222222222 0.495834375 0.9108319444444444 0.44453125 0.9343430555555555 0.43173046875 0.9916250000000001
1 0.81695390625 0.9373277777777778 0.823834375 0.9986111111111111 0.9800703125 0.9986111111111111 0.9491671875 0.9155222222222222 0.8835984375000001 0.8989458333333333 0.81598046875 0.9280305555555556 0.81695390625 0.9373277777777778
5 0.42332734375000003 0.6575958333333334 0.49888828125 0.6613847222222222 0.5358453125 0.6481263888888888 0.5733734375 0.6535375 0.6175296875 0.6550069444444445 0.609684375 0.6340902777777778 0.4274859375 0.6351013888888889 0.42332734375000003 0.6575958333333334
5 0.68605546875 0.6546277777777778 0.88554609375 0.6372319444444444 0.8619421875000001 0.6158861111111111 0.6774859375 0.625 0.68605546875 0.6546277777777778
5 0.9031328125 0.6474513888888889 0.99921875 0.6321861111111111 0.9920140625 0.6215472222222223 0.8846390625 0.62285 0.9031328125 0.6474513888888889
5 0.38925546875 0.6973791666666667 0.6092234375000001 0.6971319444444445 0.6071125 0.6676486111111111 0.4040484375 0.6742430555555555 0.38925546875 0.6973791666666667
5 0.68995078125 0.6974430555555555 0.93568984375 0.7012263888888889 0.9172984375000001 0.6691777777777778 0.68742890625 0.6691916666666666 0.68995078125 0.6974430555555555
5 0.938746875 0.6921458333333333 0.9456046875 0.7391833333333333 0.99921875 0.7381277777777778 0.99921875 0.6884416666666666 0.9975625000000001 0.6630666666666667 0.9281960937499999 0.6628791666666667 0.938746875 0.6921458333333333
5 0.7343703125000001 0.7897083333333333 0.98978359375 0.7773236111111111 0.99921875 0.7622125 0.99486875 0.7406097222222223 0.722940625 0.75 0.7343703125000001 0.7897083333333333
5 0.33233203125 0.7795583333333334 0.41832812500000005 0.7813388888888888 0.43685156249999996 0.8449777777777778 0.49929609375000006 0.8437152777777778 0.51338984375 0.777313888888889 0.6138203125 0.7804902777777778 0.6185453125 0.7370486111111111 0.35930390624999997 0.7398986111111111 0.33233203125 0.7795583333333334
5 0.25656249999999997 0.9073305555555555 0.43552578124999997 0.9229208333333334 0.500009375 0.9014555555555556 0.5617078125 0.9322666666666666 0.5913125 0.9966805555555556 0.62259296875 0.9867625000000001 0.6272734375 0.9291986111111111 0.6332687499999999 0.8577972222222223 0.30390625 0.8497472222222222 0.25656249999999997 0.9073305555555555
5 0.796734375 0.9912152777777777 0.8168374999999999 0.9921041666666668 0.82176171875 0.9147625 0.8705929687499999 0.8939388888888888 0.947003125 0.9169972222222224 0.98040078125 0.9986111111111111 0.99921875 0.9895930555555554 0.99921875 0.9093374999999999 0.99921875 0.8398986111111111 0.7662640625 0.8560611111111112 0.796734375 0.9912152777777777