3 0.0008515625000000001 0.39415694444444443 0.023884375 0.3708819444444445 0.056174218750000005 0.31599166666666667 0.058965625 0.2582125 0.030242968749999998 0.22501388888888887 0 0.2222222222222222 0.0008515625000000001 0.39415694444444443
3 0.29302109375 0.14350972222222222 0.41161562500000004 0.19577083333333334 0.41258671874999997 0.24464305555555554 0.4371921875 0.23940555555555557 0.45637890625 0.1808861111111111 0.5637148437499999 0.13505138888888887 0.5532390625 0.12241527777777778 0.43985546875 0.15337916666666668 0.42250468750000003 0.10624305555555556 0.406521875 0.16542361111111112 0.29829531249999997 0.1452013888888889 0.29302109375 0.14350972222222222
2 0.5172921875000001 0.4729319444444445 0.56364609375 0.4830180555555556 0.6112921874999999 0.3847111111111111 0.5305671875 0.3640708333333333 0.5172921875000001 0.4729319444444445
1 0.09566953125 0.993075 0.15573125000000002 0.9868416666666666 0.14655078125 0.9631472222222223 0.08948828125 0.9785347222222222 0.09566953125 0.993075
1 0.28781093750000003 0.9623083333333333 0.29488593750000003 0.9979291666666666 0.32988125 0.9790333333333333 0.31119296875 0.9075027777777779 0.26633515625 0.9191916666666666 0.28781093750000003 0.9623083333333333
1 0.3562984375 0.925451388888889 0.40554218750000004 0.9105361111111111 0.40113671875 0.8874138888888888 0.35440312500000004 0.8989902777777778 0.3562984375 0.925451388888889
1 0.4525203125 0.9024569444444445 0.4982078125 0.8934013888888889 0.49010703125 0.8688944444444445 0.44389218750000003 0.877525 0.4525203125 0.9024569444444445
1 0.5306726562499999 0.8904625 0.5721437500000001 0.8791180555555556 0.565740625 0.8627291666666667 0.519978125 0.8702805555555555 0.5306726562499999 0.8904625
1 0.62902578125 0.8692444444444445 0.6791710937500001 0.8519819444444445 0.67735390625 0.8394486111111111 0.62286953125 0.8434347222222223 0.62902578125 0.8692444444444445
1 0.72926484375 0.8491944444444444 0.7652171875 0.8441791666666666 0.7669484375 0.8220138888888889 0.7794523437499999 0.8122194444444445 0.763971875 0.7992222222222223 0.7237218750000001 0.8131319444444445 0.72926484375 0.8491944444444444
1 0.81638984375 0.8094513888888888 0.86272109375 0.7946555555555557 0.85558828125 0.7821472222222222 0.8174718750000001 0.7904041666666667 0.81638984375 0.8094513888888888
1 0.8848625 0.7981333333333333 0.93266171875 0.7785375 0.93266171875 0.7694319444444444 0.9027960937499999 0.7657680555555555 0.8828125 0.7752527777777778 0.8848625 0.7981333333333333
1 0.9399914062500001 0.7775611111111111 0.9888585937500001 0.7686388888888889 0.9844609375 0.7572152777777779 0.9616453125 0.7573236111111111 0.93821015625 0.7676763888888889 0.9399914062500001 0.7775611111111111
1 0.25281328125 0.9986111111111111 0.2464375 0.9840888888888889 0.22702890625 0.9802569444444444 0.18252812499999999 0.991161111111111 0.25281328125 0.9986111111111111
1 0.45455078125000004 0.9591027777777777 0.45403203124999997 0.9479222222222222 0.4234671875 0.9454902777777778 0.38849453125 0.9646458333333333 0.45455078125000004 0.9591027777777777
1 0.48293828124999993 0.9527694444444444 0.55470703125 0.9336875 0.55527578125 0.9100430555555555 0.5396171875 0.8956416666666667 0.49147734375 0.9078277777777777 0.48293828124999993 0.9527694444444444
1 0.60632578125 0.9243513888888889 0.6523992187500001 0.9041680555555556 0.6454382812499999 0.883073611111111 0.6187359375 0.8818111111111111 0.59801171875 0.8901513888888889 0.60632578125 0.9243513888888889
1 0.73704140625 0.8915083333333332 0.808790625 0.8763569444444445 0.78308359375 0.8510944444444445 0.7407671875 0.8648986111111111 0.73704140625 0.8915083333333332
1 0.847559375 0.8537125 0.8976109375 0.8345222222222222 0.87950546875 0.8078680555555555 0.8416195312499999 0.8156569444444445 0.847559375 0.8537125
1 0.94310703125 0.8294666666666667 0.9883421875 0.81835 0.9779249999999999 0.7914944444444444 0.9318179687500001 0.7929291666666667 0.94310703125 0.8294666666666667
1 0.9990515625 0.8140930555555557 0.9971171875 0.7863055555555556 0.9893468750000001 0.7853541666666667 0.9990515625 0.8140930555555557
1 0.5157640625 0.9985694444444445 0.6079382812499999 0.9986111111111111 0.580128125 0.9582402777777778 0.5504148437499999 0.9576777777777778 0.51924296875 0.9666388888888889 0.5157640625 0.9985694444444445
1 0.67256328125 0.973588888888889 0.738703125 0.9518333333333334 0.7285046875 0.9206277777777777 0.66619296875 0.9406569444444445 0.67256328125 0.973588888888889
1 0.74412109375 0.953573611111111 0.8121195312499999 0.9370611111111111 0.7988867187500001 0.9024625000000001 0.73508515625 0.9103541666666667 0.74412109375 0.953573611111111
1 0.9531304687500001 0.8848291666666667 0.99921875 0.8671527777777778 0.9984273437500001 0.8517652777777778 0.9752195312499999 0.8496583333333334 0.9481531249999999 0.866161111111111 0.9531304687500001 0.8848291666666667
1 0.7847125 0.9901944444444445 0.7728296875 0.9781111111111112 0.72147421875 0.9950138888888889 0.7847125 0.9901944444444445
1 0.8370859375 0.9986111111111111 0.91723359375 0.9951861111111111 0.88816953125 0.9528583333333334 0.8584015624999999 0.9528583333333334 0.828125 0.9671722222222223 0.8370859375 0.9986111111111111
1 0.9554773437499999 0.9986111111111111 0.99921875 0.9954333333333333 0.995646875 0.9214458333333334 0.9396304687500001 0.9431819444444445 0.9554773437499999 0.9986111111111111
5 0.17355937500000002 0.9950874999999999 0.20281953125 0.9810847222222222 0.25475234375 0.982225 0.28912890625 0.9744472222222222 0.28290078125 0.9488138888888888 0.09232968750000001 0.988636111111111 0.17355937500000002 0.9950874999999999
5 0.3497836390625 0.9341476333333333 0.36609453125 0.9552652777777778 0.54853984375 0.9060819444444445 0.538640625 0.8847458333333335 0.3497836390625 0.9341476333333333
5 0.57166640625 0.9078083333333333 0.59583046875 0.9004652777777779 0.6120359375 0.8822791666666666 0.6531875 0.8852736111111111 0.7457609374999999 0.8638291666666666 0.724928125 0.8454472222222222 0.55113671875 0.8787874999999999 0.57166640625 0.9078083333333333
5 0.77841484375 0.8374375000000001 0.8328578125 0.8291263888888889 0.8565757812499999 0.8123666666666667 0.8915679687500001 0.8142166666666667 0.9469468750000001 0.7940986111111111 0.9191421875 0.7896888888888889 0.7578125 0.8181819444444445 0.77841484375 0.8374375000000001
5 0.93999375 0.7965291666666666 0.99921875 0.7794444444444445 0.99876015625 0.7673708333333332 0.9275570312499999 0.7815652777777777 0.93999375 0.7965291666666666
5 0.3670265625 0.9976319444444444 0.4224546875 0.9964986111111112 0.59588359375 0.9613222222222223 0.58237265625 0.9277291666666667 0.36135859375 0.9740472222222222 0.3670265625 0.9976319444444444
5 0.59940390625 0.9525527777777777 0.8170695312499999 0.897575 0.77371484375 0.8777027777777778 0.5840539062500001 0.9200458333333333 0.59940390625 0.9525527777777777
5 0.9137070312500001 0.9254402777777778 0.9592867187499999 0.9233194444444444 0.9555023437499999 0.8517541666666667 0.99921875 0.8333722222222223 0.9948234375 0.8158638888888889 0.8572445312499999 0.8510097222222222 0.9137070312500001 0.9254402777777778
5 0.6929601562500001 0.9986111111111111 0.7824125000000001 0.9826097222222223 0.8205484375 0.9732388888888889 0.85309375 0.9543777777777779 0.8986703125 0.9577708333333333 0.9468937499999999 0.942451388888889 0.90851953125 0.9139 0.66725546875 0.9671027777777778 0.6929601562500001 0.9986111111111111