1 0.24451484375 0.659475 0.30294765625000003 0.659475 0.30020703125 0.6356236111111111 0.23904687500000002 0.6452958333333333 0.24451484375 0.659475
1 0.40605859375 0.6473125 0.41897031250000005 0.6661041666666667 0.41755000000000003 0.7245902777777778 0.41970234375000004 0.7809694444444445 0.46002734375000004 0.788223611111111 0.4705640625 0.7269916666666666 0.44428046875 0.6201166666666666 0.403409375 0.622475 0.40605859375 0.6473125
1 0.481628125 0.6428541666666667 0.53759453125 0.6269333333333333 0.53280078125 0.6046597222222222 0.47727265625 0.6123736111111111 0.481628125 0.6428541666666667
1 0.565071875 0.6265833333333333 0.6219453125000001 0.6291333333333333 0.6190796875 0.6041916666666667 0.57102265625 0.6047986111111111 0.565071875 0.6265833333333333
1 0.64424296875 0.6323194444444444 0.69492421875 0.6244569444444444 0.6887789062499999 0.6065041666666666 0.63849453125 0.6073236111111111 0.64424296875 0.6323194444444444
1 0.74719765625 0.6226819444444445 0.8028789062499999 0.6132375 0.8021687500000001 0.5988402777777778 0.7471593750000001 0.5972222222222222 0.74719765625 0.6226819444444445
1 0.8473953125 0.6197472222222222 0.8717593750000001 0.6295722222222222 0.89075234375 0.6284222222222222 0.88468515625 0.6036777777777778 0.90313203125 0.5912597222222222 0.8967812500000001 0.5774694444444445 0.8465906249999999 0.5808083333333334 0.8473953125 0.6197472222222222
1 0.95763359375 0.5902777777777778 0.99921875 0.5897694444444445 0.9931445312499999 0.5767680555555555 0.95383515625 0.5732319444444444 0.95763359375 0.5902777777777778
1 0.24267031249999998 0.6951347222222223 0.3028921875 0.6960125 0.30172734375 0.6854527777777778 0.27664453125 0.6766347222222222 0.23751250000000002 0.6809847222222223 0.24267031249999998 0.6951347222222223
1 0.39161015625 0.6869125 0.3825625 0.6737736111111111 0.3561875 0.6687236111111111 0.32572265625 0.6801902777777779 0.39161015625 0.6869125
1 0.57900703125 0.6796041666666667 0.5757554687499999 0.6680236111111111 0.552809375 0.6581138888888889 0.5205968750000001 0.6767680555555556 0.57900703125 0.6796041666666667
1 0.6056132812499999 0.6751 0.66932578125 0.6724319444444444 0.666040625 0.6495375 0.6438906249999999 0.6377055555555556 0.61008515625 0.6426763888888889 0.6056132812499999 0.6751
1 0.7180953125 0.6668152777777778 0.77617890625 0.6615624999999999 0.771584375 0.6418722222222223 0.7454140625 0.6347111111111111 0.71875 0.6401513888888889 0.7180953125 0.6668152777777778
1 0.8639609374999999 0.6619166666666666 0.9307968750000001 0.6584944444444444 0.9162210937499999 0.6342430555555555 0.8943867187500001 0.6270611111111111 0.8643468750000001 0.6376263888888889 0.8639609374999999 0.6619166666666666
1 0.976784375 0.6426222222222222 0.99921875 0.6270958333333334 0.99786640625 0.6068791666666666 0.9651992187499999 0.6085861111111112 0.976784375 0.6426222222222222
1 0.19002734375000002 0.7712972222222222 0.26851875000000003 0.7659055555555555 0.2707765625 0.7345472222222222 0.2344390625 0.7243041666666667 0.1914671875 0.7292458333333334 0.19002734375000002 0.7712972222222222
1 0.3296953125 0.7600027777777778 0.40542578125000006 0.7520416666666667 0.4045546875 0.7123138888888889 0.37921171875000004 0.7026708333333334 0.33899218750000004 0.7204666666666667 0.3296953125 0.7600027777777778
1 0.48606718750000005 0.7872083333333333 0.522103125 0.7877208333333333 0.5168125 0.7560416666666667 0.5683953125000001 0.7553902777777778 0.5406109375 0.7116625000000001 0.5151726562500001 0.7086680555555556 0.4807765625 0.721975 0.48606718750000005 0.7872083333333333
1 0.6309484375000001 0.7458861111111111 0.72000703125 0.7418472222222222 0.712021875 0.7013444444444444 0.67862734375 0.6868291666666667 0.6328125 0.6994944444444445 0.6309484375000001 0.7458861111111111
1 0.784340625 0.7222166666666666 0.8605515625000001 0.7159041666666667 0.8496867187499999 0.6911305555555555 0.78226015625 0.6950652777777778 0.784340625 0.7222166666666666
1 0.856653125 0.7237222222222223 0.9348148437500001 0.7154805555555555 0.9308695312499999 0.6786819444444444 0.85966640625 0.6844916666666667 0.856653125 0.7237222222222223
1 0.11996718749999999 0.8879472222222222 0.23179218750000002 0.8660722222222222 0.21077109374999997 0.8130875 0.11292578125 0.8270208333333334 0.11996718749999999 0.8879472222222222
1 0.29856171875 0.8799916666666667 0.41046953124999996 0.8667097222222222 0.40474062499999997 0.8090333333333334 0.37217578125 0.7951833333333334 0.30610781249999997 0.8080805555555556 0.29856171875 0.8799916666666667
1 0.5696046875 0.8571208333333332 0.6776953125 0.8477652777777778 0.67060703125 0.8240166666666667 0.63536796875 0.8058666666666667 0.57883515625 0.8080805555555556 0.5696046875 0.8571208333333332
1 0.69599765625 0.8452 0.8105218750000001 0.8305125000000001 0.78641328125 0.771351388888889 0.7518312500000001 0.7667055555555555 0.7002843750000001 0.7815652777777777 0.69599765625 0.8452
1 0.83755234375 0.8273263888888889 0.9365453125000001 0.8156569444444445 0.904171875 0.7501819444444444 0.86743984375 0.7465083333333333 0.8330968750000001 0.7676763888888889 0.83755234375 0.8273263888888889
1 0.95518359375 0.820761111111111 0.99921875 0.8159027777777779 0.99921875 0.7443527777777778 0.9930617187499999 0.7337236111111111 0.9517046875 0.75505 0.95518359375 0.820761111111111
1 0.19313750000000002 0.9986111111111111 0.19173359375000001 0.9864361111111112 0.12794921875 0.9739486111111112 0.057528125 0.9924236111111111 0.19313750000000002 0.9986111111111111
1 0.22242890625 0.9958513888888889 0.36686562500000003 0.9945402777777778 0.36343671875 0.9484347222222222 0.29656953124999996 0.9427972222222222 0.224509375 0.9655486111111112 0.22242890625 0.9958513888888889
1 0.6122296875 0.9986111111111111 0.74871015625 0.992375 0.727228125 0.9094111111111111 0.676375 0.8991916666666667 0.60677265625 0.9247152777777777 0.6122296875 0.9986111111111111
1 0.81496953125 0.9986111111111111 0.9688390625000001 0.9649763888888889 0.9596609375 0.8977277777777778 0.89718359375 0.8740930555555555 0.828125 0.886363888888889 0.81496953125 0.9986111111111111
1 0.9749281249999999 0.9640541666666667 0.9991679687499999 0.9570750000000001 0.9991679687499999 0.8705513888888889 0.97585234375 0.886363888888889 0.9749281249999999 0.9640541666666667
5 0.21580390624999998 0.6833277777777778 0.41451484375 0.6779069444444444 0.41425703125 0.6499416666666668 0.2329546875 0.6628791666666667 0.21580390624999998 0.6833277777777778
5 0.48921640625 0.6632833333333333 0.671678125 0.6432888888888889 0.6527265625 0.6246347222222223 0.4765625 0.6401513888888889 0.48921640625 0.6632833333333333
5 0.6866734375 0.6515402777777778 0.76755859375 0.6477375 0.87195625 0.6374583333333333 0.8500085937499999 0.6220708333333334 0.66974453125 0.6262624999999999 0.6866734375 0.6515402777777778
5 0.9088078124999999 0.6207097222222222 0.99921875 0.60245 0.99414921875 0.5904944444444444 0.890625 0.5959597222222223 0.9088078124999999 0.6207097222222222
5 0.18014531250000002 0.7294916666666668 0.41399609374999996 0.7105277777777778 0.41199296875 0.6869625 0.1953125 0.6969694444444444 0.18014531250000002 0.7294916666666668
5 0.49043984375000005 0.7081458333333334 0.71928828125 0.6995694444444445 0.7011000000000001 0.680911111111111 0.4921875 0.6843430555555555 0.49043984375000005 0.7081458333333334
5 0.72217109375 0.7059861111111111 0.9350140625 0.6882694444444444 0.91630703125 0.6553125 0.70880703125 0.6654041666666667 0.72217109375 0.7059861111111111
5 0.12508046875 0.8190152777777778 0.40271015625000006 0.8028430555555556 0.42033828125 0.7615458333333334 0.1484375 0.7601013888888889 0.12508046875 0.8190152777777778
5 0.53287578125 0.8078041666666667 0.8180570312500001 0.7817180555555555 0.7826257812499999 0.7353027777777777 0.521284375 0.7575166666666667 0.53287578125 0.8078041666666667
5 0.81974921875 0.7675291666666666 0.99921875 0.7444124999999999 0.99785 0.711825 0.7807953125 0.7218763888888888 0.81974921875 0.7675291666666666
5 0.06837890625000001 0.8996708333333334 0.0277125 0.9687402777777778 0.40179687499999994 0.9452333333333333 0.43384062500000004 0.8774763888888889 0.07332578125 0.8953597222222223 0.06837890625000001 0.8996708333333334
5 0.57942578125 0.9321833333333334 0.9390921875 0.8772097222222223 0.8911023437500001 0.8154833333333333 0.55687109375 0.8621958333333333 0.57942578125 0.9321833333333334
5 0.94593671875 0.8887805555555556 0.99921875 0.8712125000000001 0.99921875 0.8207569444444445 0.9031039062499999 0.8170722222222223 0.94593671875 0.8887805555555556
3 0.12041953125 0.03304583333333333 0.157240625 0.10416111111111111 0.2031609375 0.09165416666666666 0.2294171875 0.014554166666666665 0.14546640625 0 0.124653125 0.031106944444444444 0.0951484375 0 0.1042203125 0.11676388888888888 0.12041953125 0.03304583333333333
2 0.6994625 0.21386666666666668 0.7159203125 0.20875694444444445 0.7224921875 0.17720694444444443 0.71634765625 0.15256527777777776 0.6930765625 0.13629444444444444 0.67704921875 0.14004305555555557 0.67756484375 0.1485861111111111 0.67400859375 0.189275 0.6994625 0.21386666666666668