1 0.5732976562500001 0.6553472222222223 0.62061953125 0.6430375 0.6045640624999999 0.6252958333333334 0.5636984375 0.6332513888888889 0.5732976562500001 0.6553472222222223
1 0.72400703125 0.6289166666666667 0.740459375 0.6339819444444444 0.74042265625 0.6625583333333332 0.7518140625 0.7503694444444444 0.8028203125 0.7365847222222223 0.80353046875 0.6959444444444445 0.78585234375 0.6353083333333334 0.7683828125 0.5929958333333333 0.72230078125 0.6022722222222222 0.72400703125 0.6289166666666667
1 0.8146140624999999 0.6162361111111111 0.8746390625 0.5974888888888888 0.8654453125 0.5745986111111111 0.8082382812500001 0.5845958333333333 0.8146140624999999 0.6162361111111111
1 0.921678125 0.6002944444444445 0.98419453125 0.5811625 0.9748007812499999 0.5609611111111111 0.9197445312499999 0.5643944444444444 0.921678125 0.6002944444444445
1 0.5525484374999999 0.6854430555555555 0.61463515625 0.6869875 0.61120078125 0.6674611111111111 0.55823828125 0.6691916666666666 0.5525484374999999 0.6854430555555555
1 0.64613515625 0.6796486111111111 0.7092898437499999 0.6680972222222222 0.703325 0.6536958333333334 0.67401953125 0.653325 0.6434656249999999 0.6616166666666666 0.64613515625 0.6796486111111111
1 0.9263054687500001 0.6481958333333334 0.919253125 0.6348736111111111 0.886621875 0.6342777777777778 0.8551132812500001 0.6527777777777778 0.9263054687500001 0.6481958333333334
1 0.9626046875000001 0.6493986111111111 0.99921875 0.645611111111111 0.9928671874999999 0.5998708333333334 0.9623578125 0.6098486111111111 0.9626046875000001 0.6493986111111111
1 0.5066109375 0.7578125 0.5835984375 0.7558291666666667 0.5846140625 0.7371708333333333 0.56888125 0.7139861111111112 0.5044500000000001 0.7295708333333334 0.5066109375 0.7578125
1 0.6527515625 0.7495013888888888 0.7350296875 0.7386013888888889 0.7282078125 0.6926486111111111 0.69142578125 0.6863958333333333 0.65198828125 0.7007569444444445 0.6527515625 0.7495013888888888
1 0.84018203125 0.8514930555555557 0.8718125000000001 0.8365541666666666 0.8627375 0.7474347222222223 0.9104976562499999 0.7329097222222223 0.8915875 0.6798305555555556 0.85430390625 0.6826263888888888 0.8167617187499999 0.6969694444444444 0.84018203125 0.8514930555555557
1 0.4350890625 0.8765930555555557 0.5453820312500001 0.8682430555555556 0.5134609375 0.8052638888888889 0.43181796875 0.8257569444444444 0.4350890625 0.8765930555555557
1 0.6208437499999999 0.8657222222222223 0.7375570312499999 0.8587930555555556 0.712421875 0.7913958333333333 0.6299718750000001 0.7979791666666666 0.6208437499999999 0.8657222222222223
1 0.9135406250000001 0.8566777777777778 0.99921875 0.8433499999999999 0.99396875 0.7895513888888889 0.9725343750000001 0.7904777777777778 0.9232953125 0.8131319444444445 0.9135406250000001 0.8566777777777778
1 0.5012289062499999 0.9973416666666667 0.50051875 0.9705597222222222 0.438634375 0.9587819444444444 0.38703750000000003 0.9784472222222221 0.5012289062499999 0.9973416666666667
1 0.6107734375 0.9363902777777778 0.53469296875 0.9541166666666667 0.539565625 0.9562319444444444 0.533385521875 0.954260513888889 0.535109375 0.9986111111111111 0.67492109375 0.98875 0.6650859375 0.9515125000000001 0.6107734375 0.9363902777777778
1 0.9729976562499999 0.9836791666666667 0.99243984375 0.9986111111111111 0.9957382812500001 0.9179291666666667 0.96732421875 0.9285625000000001 0.9729976562499999 0.9836791666666667
5 0.534959375 0.6803972222222222 0.60445078125 0.6648513888888888 0.632096875 0.668575 0.64432578125 0.6555194444444444 0.702509375 0.6519986111111111 0.74416015625 0.6543763888888889 0.7406171875 0.6280333333333333 0.54713828125 0.650025 0.534959375 0.6803972222222222
5 0.8258890624999999 0.6416513888888888 0.9656593750000001 0.6148194444444445 0.99921875 0.6050847222222222 0.9845523437500001 0.590436111111111 0.8110796875 0.6111111111111112 0.8258890624999999 0.6416513888888888
5 0.5071328125 0.7119833333333334 0.73137890625 0.6944597222222223 0.72856796875 0.6664638888888889 0.50815390625 0.6841458333333333 0.5071328125 0.7119833333333334
5 0.81666171875 0.6794361111111111 0.8931250000000001 0.6833180555555555 0.9060859375 0.7269916666666666 0.99921875 0.7263708333333333 0.99921875 0.6783805555555555 0.9963625 0.6440375 0.8188921875 0.6590902777777778 0.81666171875 0.6794361111111111
5 0.4456734375 0.8017625 0.739125 0.7870597222222222 0.7369828125 0.7444861111111111 0.47412109375 0.7630013888888889 0.4456734375 0.8017625
5 0.8683945312500001 0.7913069444444444 0.99921875 0.7724069444444445 0.99921875 0.731776388888889 0.8615054687500001 0.74495 0.8683945312500001 0.7913069444444444
5 0.3498421875 0.9584125 0.7333093749999999 0.9509597222222222 0.7509015625 0.8724847222222222 0.40767031249999997 0.875 0.3498421875 0.9584125
5 0.94933828125 0.9882958333333333 0.99921875 0.9082625 0.99921875 0.8452500000000001 0.9048296875 0.8598486111111111 0.94933828125 0.9882958333333333
3 0.43723906250000005 0 0.39488671875 0.011363888888888889 0.39126875 0.018209722222222224 0.40112890625000003 0.11137777777777777 0.41480078125000003 0.11264027777777777 0.42252734375 0.06126666666666667 0.46412265625 0.11869166666666667 0.52679453125 0 0.43723906250000005 0