3 0.2615578125 0.13772916666666668 0.272896875 0.17870555555555556 0.30958437499999997 0.20633611111111114 0.33030312500000003 0.1953625 0.33233125 0.1390375 0.301671875 0.0913236111111111 0.27556796875 0.09343472222222221 0.2615578125 0.13772916666666668
1 0.0027828124999999997 0.6726291666666667 0.03017109375 0.6610486111111111 0.0195921875 0.6487625 0 0.6376263888888889 0.0027828124999999997 0.6726291666666667
1 0.098471875 0.6997666666666666 0.14990234375 0.6755791666666666 0.13919375 0.6518305555555556 0.12668125 0.6518305555555556 0.09232968750000001 0.6578277777777778 0.098471875 0.6997666666666666
1 0.11311484375 0.7031638888888889 0.15619765624999998 0.6841708333333334 0.14447265625 0.678523611111111 0.11505703125 0.6868680555555555 0.11311484375 0.7031638888888889
1 0.02306875 0.7475291666666667 0.06638984375 0.7274305555555556 0.052126562499999994 0.7163083333333333 0.01740625 0.7340944444444445 0.02306875 0.7475291666666667
1 0.27323203125 0.7292111111111111 0.30356640625 0.6922944444444444 0.28841875 0.6636972222222223 0.2684046875 0.6706375 0.25071015625 0.6818180555555555 0.27323203125 0.7292111111111111
1 0.2963203125 0.7231833333333333 0.32237343749999997 0.7000375 0.3071953125 0.6947847222222222 0.2890625 0.6982319444444444 0.2963203125 0.7231833333333333
1 0.21392578125 0.7664541666666667 0.25223046875 0.7525791666666666 0.24798593750000003 0.7388430555555555 0.23650312499999998 0.7379305555555555 0.21448828125000002 0.747475 0.21392578125 0.7664541666666667
1 0.137459375 0.8160902777777779 0.173703125 0.790976388888889 0.15996484375 0.7762138888888889 0.142303125 0.7737625 0.12642031250000002 0.7967166666666666 0.137459375 0.8160902777777779
1 0.416090625 0.710025 0.42208281249999996 0.7355388888888889 0.44296015625 0.7595194444444445 0.46992890625 0.7484902777777778 0.4666328125 0.7253833333333333 0.44615625000000003 0.6803736111111112 0.411221875 0.6856055555555556 0.416090625 0.710025
1 0.40620546874999997 0.7938958333333334 0.43560546875000006 0.7751541666666667 0.436215625 0.7542902777777779 0.41216171875 0.7198444444444445 0.38494296875 0.7234847222222223 0.40620546874999997 0.7938958333333334
1 0.35525234375000003 0.8433805555555556 0.38196875 0.8284708333333334 0.39885390625 0.7990152777777778 0.371859375 0.7483430555555556 0.33664765625 0.7664138888888888 0.35525234375000003 0.8433805555555556
1 0.2768359375 0.9255833333333333 0.32626093749999996 0.9141902777777777 0.32161328125 0.8376541666666667 0.29670546875000003 0.7849 0.25994296875 0.8055555555555556 0.2768359375 0.9255833333333333
1 0.1270140625 0.9956986111111111 0.23164765625 0.9896222222222223 0.18126640624999998 0.9215347222222222 0.12926171875 0.9659097222222223 0.1270140625 0.9956986111111111
5 0.0100484375 0.7521055555555555 0.018990625 0.7232777777777778 0.0533640625 0.71475 0.08427265625 0.7145236111111111 0.10986015625000001 0.6625486111111112 0.07693203125 0.6473972222222222 0 0.6712097222222222 0.0100484375 0.7521055555555555
5 0.1711953125 0.7174527777777778 0.18035625 0.7846680555555555 0.20963906250000003 0.7697138888888888 0.21379765625 0.7460736111111111 0.246934375 0.7361708333333333 0.23869453125 0.692275 0.2604421875 0.6702916666666667 0.21506875 0.6593375 0.11150546875 0.6994944444444445 0.1711953125 0.7174527777777778
5 0.00602578125 0.9311722222222222 0.13572265625 0.8328791666666666 0.1260046875 0.7980291666666667 0.13651640625 0.7704583333333334 0.17294296874999998 0.7741083333333333 0.1709625 0.7251958333333333 0.11118671875 0.7018875 0.0014203125000000001 0.75505 0.00602578125 0.9311722222222222
5 0.30267790156249996 0.7196021374999999 0.36986171875 0.7298722222222223 0.42955156250000004 0.6702972222222222 0.371071875 0.6657986111111112 0.30267790156249996 0.7196021374999999
5 0.20794375 0.8394541666666667 0.21561484375 0.9620624999999999 0.27843125 0.9321138888888888 0.2561453125 0.8102013888888889 0.29226953125 0.7823402777777777 0.32688203125 0.8685736111111112 0.3488828125 0.8418111111111112 0.3404734375 0.7629222222222222 0.37422890625 0.7348291666666666 0.30153828125 0.7268194444444444 0.14204531250000002 0.8143944444444445 0.20794375 0.8394541666666667
5 0.5994953125 0.6864444444444444 0.52866953125 0.6799347222222222 0.48752923046875 0.7396745083333334 0.55399375 0.7634152777777777 0.565146875 0.9754680555555555 0.60261640625 0.9007069444444444 0.5994953125 0.6864444444444444
5 0.35129609375 0.8642527777777776 0.44370000000000004 0.8849527777777778 0.459425 0.9986111111111111 0.5500515625 0.9976430555555555 0.55261484375 0.7682986111111111 0.48424140624999995 0.7511444444444444 0.3543890625 0.8510097222222222 0.35129609375 0.8642527777777776
5 0 0.9609874999999999 0.0018171875 0.9986111111111111 0.08274375 0.9978444444444444 0.18714140625 0.9109208333333334 0.08237187500000001 0.883838888888889 0 0.9609874999999999
5 0.39226171875000004 0.9986111111111111 0.43024453124999995 0.9449722222222222 0.325103125 0.9216722222222222 0.24785546875 0.9936875000000001 0.39226171875000004 0.9986111111111111
0 0.8268765625000001 0.7033513888888889 0.935815625 0.9966416666666666 0.99921875 0.9986111111111111 0.9952781249999999 0.018781944444444445 0.9817562499999999 0 0.8394882812500001 0.2184347222222222 0.8268765625000001 0.7033513888888889