3 0.33408125 0.3613333333333334 0.43579375000000004 0.3430597222222222 0.3848984375 0.25726944444444444 0.32343359375 0.22294166666666668 0.26140546875 0.32329583333333334 0.33408125 0.3613333333333334
3 0.5932421875 0.2598986111111111 0.7724968750000001 0.17809444444444444 0.7791578125 0.12521666666666667 0.68669296875 0.06636666666666667 0.6441648437499999 0.021040277777777776 0.5809656249999999 0.035354166666666666 0.49116406250000005 0.23710277777777777 0.5932421875 0.2598986111111111
3 0.5086390625 0.4928833333333333 0.506696875 0.425475 0.43821015625 0.3863638888888889 0.46101484375 0.5008486111111111 0.5086390625 0.4928833333333333
3 0.7878999999999999 0.4087208333333333 0.7979210937500001 0.34073611111111113 0.7746164062500001 0.2954888888888889 0.73685546875 0.28783472222222223 0.71306796875 0.2916666666666667 0.71722109375 0.38824722222222224 0.7878999999999999 0.4087208333333333
1 0.12294453125 0.9986111111111111 0.1388109375 0.9935444444444445 0.1284734375 0.9611 0.14854296875 0.9473541666666667 0.14735546875 0.9376083333333333 0.09232968750000001 0.9431819444444445 0.08797109374999999 0.9876305555555557 0.12294453125 0.9986111111111111
1 0.19570625 0.9340569444444444 0.24003203125 0.9160694444444445 0.23380625 0.9055000000000001 0.19673281250000002 0.9154041666666667 0.19570625 0.9340569444444444
1 0.25084609375 0.9175944444444445 0.301471875 0.8902152777777779 0.29604296875 0.8814763888888889 0.25568203125 0.8914138888888888 0.25084609375 0.9175944444444445
1 0.31120156250000003 0.8917097222222221 0.34809765625 0.8766569444444444 0.3389171875 0.8650069444444444 0.30894921875 0.872475 0.31120156250000003 0.8917097222222221
1 0.22083046875 0.9715222222222222 0.26387734375 0.9501708333333334 0.25900234375000003 0.925811111111111 0.208096875 0.9457069444444445 0.22083046875 0.9715222222222222
1 0.299096875 0.9365777777777778 0.35430390625 0.9165236111111111 0.3471875 0.9067875 0.29545468750000003 0.9154041666666667 0.299096875 0.9365777777777778
1 0.35266406250000004 0.9124152777777778 0.382440625 0.8925583333333335 0.37430625 0.8809277777777779 0.34161953125 0.8964652777777778 0.35266406250000004 0.9124152777777778
1 0.4052953125 0.8931208333333334 0.43859296875 0.8787972222222222 0.43368828125 0.8678972222222222 0.40198828124999997 0.8737375000000001 0.4052953125 0.8931208333333334
1 0.31099375 0.9833097222222221 0.3541484375 0.9621652777777778 0.349340625 0.9512013888888889 0.31178984375 0.9671722222222223 0.31099375 0.9833097222222221
1 0.38268515625 0.9546097222222222 0.41911484374999997 0.9374902777777778 0.42391171875 0.9266097222222223 0.38352265625 0.9343430555555555 0.38268515625 0.9546097222222222
1 0.42295703125 0.9399666666666666 0.45971093749999997 0.9110680555555556 0.45158515625 0.8928347222222223 0.411221875 0.9116166666666667 0.42295703125 0.9399666666666666
1 0.49192109375 0.9039416666666666 0.52366796875 0.8824916666666667 0.51873515625 0.8660583333333334 0.4884390625 0.8825361111111112 0.49192109375 0.9039416666666666
1 0.598325 0.9181111111111111 0.6384140625 0.8981416666666667 0.62479453125 0.8708277777777778 0.58664765625 0.8825763888888889 0.598325 0.9181111111111111
1 0.6018648437499999 0.9329527777777777 0.6390546875 0.9120013888888888 0.63776171875 0.9038277777777778 0.59446015625 0.9242430555555556 0.6018648437499999 0.9329527777777777
1 0.53019296875 0.9563999999999999 0.5361914062500001 0.9702388888888889 0.5617921875 0.9352750000000001 0.5262781249999999 0.9482319444444444 0.53019296875 0.9563999999999999
1 0.462503125 0.9986111111111111 0.48170156249999996 0.9917833333333332 0.469571875 0.9741708333333333 0.44534062499999993 0.9873736111111111 0.462503125 0.9986111111111111
1 0.04334375 0.9948458333333333 0.0420625 0.9807750000000001 0.00286953125 0.991161111111111 0.04334375 0.9948458333333333
1 0.66948125 0.9986111111111111 0.665403125 0.9932625 0.63994296875 0.9986111111111111 0.66948125 0.9986111111111111
1 0.710525 0.9942930555555555 0.748421875 0.9655583333333333 0.74144453125 0.9542541666666666 0.70599453125 0.9684347222222223 0.710525 0.9942930555555555
1 0.7914546875 0.9404944444444444 0.817646875 0.9225305555555555 0.8076203124999999 0.9080694444444444 0.7812781249999999 0.9141416666666667 0.7914546875 0.9404944444444444
1 0.7667773437500001 0.9552361111111111 0.80614765625 0.9140875 0.77949140625 0.8788569444444445 0.74363671875 0.8989902777777778 0.7667773437500001 0.9552361111111111
1 0.8965734375000001 0.9986111111111111 0.8729757812500001 0.9596458333333334 0.83738671875 0.991161111111111 0.8965734375000001 0.9986111111111111
1 0.9091085937500001 0.9986111111111111 0.9587078124999999 0.9847944444444445 0.931025 0.93135 0.8892328125000001 0.9507569444444444 0.9091085937500001 0.9986111111111111
1 0.9682789062499999 0.9956944444444444 0.9935031249999999 0.9751277777777777 0.964996875 0.8900375 0.91835234375 0.9040402777777777 0.9682789062499999 0.9956944444444444
4 0.31383203125 0.2128611111111111 0.38604765625000004 0.2482138888888889 0.42532109374999993 0.23049305555555558 0.43093281250000004 0.18349444444444446 0.349459375 0.15864166666666665 0.31125703125 0.17235277777777777 0.31383203125 0.2128611111111111
5 0.15105625 0.9680847222222222 0.3021515625 0.9168041666666668 0.286171875 0.8970125000000001 0.13778437500000001 0.9520208333333334 0.15105625 0.9680847222222222
5 0.31056640625 0.9117097222222222 0.41637109375000003 0.8725680555555556 0.38091796875 0.8604402777777779 0.29261328125 0.8964652777777778 0.31056640625 0.9117097222222222
5 0.26186875 0.9828513888888889 0.406646875 0.9170319444444445 0.36517890625 0.9138944444444445 0.22443203125000002 0.9722222222222222 0.26186875 0.9828513888888889
5 0.40810859375 0.9183875 0.48862265625 0.8817277777777779 0.464303125 0.8697180555555556 0.37073828125 0.9053027777777778 0.40810859375 0.9183875
5 0.36001328125 0.9978291666666667 0.50197265625 0.9336819444444444 0.45115546875 0.9242722222222223 0.31036953125 0.9810611111111112 0.36001328125 0.9978291666666667
5 0.500965625 0.933923611111111 0.5948734375 0.8765041666666666 0.57039609375 0.871325 0.45880703125 0.9217166666666666 0.500965625 0.933923611111111
5 0.5531171875 0.9986111111111111 0.6482351562499999 0.9379041666666668 0.60490546875 0.930975 0.484375 0.9962125000000001 0.5531171875 0.9986111111111111
5 0.6653249999999999 0.9385402777777778 0.7492953124999999 0.8854361111111111 0.7241296875 0.8743680555555555 0.62073828125 0.9229791666666666 0.6653249999999999 0.9385402777777778
5 0.8795273437500001 0.9499638888888889 0.9390453125 0.8800055555555556 0.87091328125 0.8806416666666667 0.79758515625 0.9255055555555556 0.8795273437500001 0.9499638888888889
5 0.8064937499999999 0.9979722222222221 0.8633031250000001 0.9552361111111111 0.7989804687500001 0.9413722222222223 0.68963046875 0.99495 0.8064937499999999 0.9979722222222221