1 0.023320312500000002 0.6672638888888889 0.04521875000000001 0.026430555555555516
1 0.20045312499999998 0.7023750000000001 0.09408593749999998 0.16738888888888895
1 0.273765625 0.6420416666666666 0.058890624999999995 0.05429166666666671
1 0.36405468750000003 0.62075 0.06617968750000003 0.03441666666666663
1 0.44337499999999996 0.6244583333333333 0.06431249999999995 0.036777777777777805
1 0.5443828125 0.6115972222222222 0.06745312499999993 0.04895833333333333
1 0.6330703125 0.6052361111111111 0.06585156249999997 0.07158333333333328
1 0.7193984375 0.5814166666666667 0.05385156250000005 0.04919444444444439
1 0.7776484375 0.5752083333333333 0.05103124999999995 0.05194444444444441
1 0.8331640625000001 0.5730416666666667 0.04558593749999993 0.052652777777777736
1 0.023046875 0.7230833333333333 0.044679687499999995 0.05222222222222218
1 0.11164062500000001 0.7076388888888889 0.09544531250000002 0.03648611111111109
1 0.3189765625 0.697388888888889 0.07971874999999998 0.033680555555555554
1 0.415859375 0.666375 0.08029687499999998 0.0549583333333334
1 0.5152812499999999 0.6625972222222222 0.05897656250000001 0.055000000000000035
1 0.6441796875 0.6561805555555555 0.09233593750000005 0.05984722222222227
1 0.7405 0.6303611111111111 0.06338281249999991 0.06627777777777781
1 0.8324609374999999 0.6212638888888888 0.07401562499999992 0.053125
1 0.874875 0.6000416666666666 0.0452031250000001 0.061208333333333406
1 0.93346875 0.5980694444444444 0.06437500000000007 0.05977777777777773
1 0.13021875 0.7755694444444444 0.1084453125 0.08649999999999997
1 0.28903124999999996 0.8478611111111112 0.10221093750000003 0.25884722222222206
1 0.44728124999999996 0.73075 0.08774218749999996 0.06000000000000006
1 0.58359375 0.7111944444444444 0.07769531250000003 0.05116666666666663
1 0.6590703125 0.6969027777777778 0.08092968749999993 0.04533333333333339
1 0.8399453125 0.6789444444444445 0.07051562500000016 0.06495833333333338
1 0.9151953125000001 0.6593055555555556 0.051976562500000156 0.05851388888888888
1 0.9594687499999999 0.6339305555555556 0.06098437499999996 0.055736111111111104
1 0.10006250000000001 0.89775 0.15278125 0.15156944444444428
1 0.40210156250000006 0.8704444444444445 0.13658593749999998 0.10705555555555546
1 0.522359375 0.8203194444444445 0.13136718750000007 0.12297222222222218
1 0.64015625 0.8033888888888889 0.12122656250000005 0.10930555555555561
1 0.7397578125 0.7797916666666668 0.10594531249999992 0.11008333333333332
1 0.8449296875 0.7610555555555556 0.11457031250000008 0.10544444444444447
1 0.9762109375 0.7345555555555555 0.04757812500000007 0.08276388888888886
1 0.44927343750000004 0.9570694444444445 0.15281249999999996 0.08586111111111103
1 0.64753125 0.9164583333333334 0.13882031250000004 0.15616666666666673
1 0.79353125 0.9148333333333333 0.14814062499999991 0.1402638888888889
1 0.9506406249999999 0.8888055555555556 0.0987187500000001 0.11852777777777766
5 0.00439140625 0.6995 0.045765625 0.7109624999999999 0.1798984375 0.6965208333333334 0.17312031249999998 0.6731222222222223 0 0.6931819444444445 0.00439140625 0.6995
5 0.26171875 0.6835986111111111 0.44453828125 0.6555444444444445 0.42351171875000004 0.6367180555555556 0.24786953125000002 0.6628791666666667 0.26171875 0.6835986111111111
5 0.44525703125 0.6340208333333334 0.4627796875 0.6641666666666667 0.6212546875 0.6378583333333333 0.61355 0.6263569444444445 0.450284375 0.6338388888888888 0.44525703125 0.6340208333333334
5 0.665815625 0.6301694444444444 0.8267875 0.6032291666666667 0.79449765625 0.5907458333333333 0.64630703125 0.6035347222222223 0.665815625 0.6301694444444444
5 0.826715625 0.6053055555555555 0.9128640625 0.5936763888888889 0.8852789062499999 0.5752694444444445 0.8025570312499999 0.5871208333333333 0.826715625 0.6053055555555555
5 0 0.7625666666666666 0.17091796875 0.7335319444444445 0.16141875 0.7080277777777777 0.0028406250000000003 0.7335861111111112 0 0.7625666666666666
5 0.2607890625 0.7392333333333334 0.489765625 0.7091472222222223 0.47618203125 0.6797222222222222 0.26108359375 0.7072333333333334 0.2607890625 0.7392333333333334
5 0.47944765624999997 0.6757166666666667 0.49305859375 0.7059902777777778 0.68940859375 0.6765555555555556 0.66102734375 0.6559444444444444 0.47230078124999997 0.6717166666666667 0.47944765624999997 0.6757166666666667
5 0.76595234375 0.6625236111111111 0.9129085937499999 0.6357513888888888 0.8872265625000001 0.6104055555555555 0.7265625 0.6388888888888888 0.76595234375 0.6625236111111111
5 0.9110328125 0.6339513888888889 0.99921875 0.6164125 0.97275078125 0.5971930555555556 0.8892046875 0.6073236111111111 0.9110328125 0.6339513888888889
5 0 0.8724152777777778 0.0034234375 0.933623611111111 0.03902890625 0.9209624999999999 0.0492359375 0.8452055555555555 0.17917734375 0.8290763888888888 0.17490703125 0.7869361111111112 0.00213046875 0.8118680555555555 0 0.8188430555555556 0 0.8724152777777778
5 0.29295234375 0.7972597222222223 0.30138046875 0.8259847222222222 0.303228125 0.8484111111111111 0.30295625 0.8947583333333333 0.3022546875 0.9344666666666667 0.30154453124999997 0.9772875000000001 0.31066328125 0.9955416666666667 0.31637265625 0.9671722222222223 0.33156796875 0.9629444444444445 0.32325312500000003 0.9129375000000001 0.32087578125 0.8896736111111112 0.33433359375 0.8702847222222222 0.34100312499999996 0.8496347222222221 0.34845234375 0.8349763888888889 0.377203125 0.8200361111111112 0.4082171875 0.8162638888888889 0.44543203125 0.8284055555555555 0.45754140625 0.8545958333333333 0.47511171875 0.8594833333333333 0.47041484375 0.7971763888888889 0.49007890625000006 0.7777041666666666 0.52782890625 0.7706652777777778 0.56296875 0.7876069444444445 0.5749234375000001 0.8188625 0.5855328125 0.7791347222222222 0.55626875 0.7378319444444444 0.29119296875 0.7853541666666667 0.29295234375 0.7972597222222223
5 0.57066796875 0.7634152777777777 0.588734375 0.7681652777777777 0.60634296875 0.7482194444444444 0.6418625 0.7421333333333333 0.66337734375 0.7551347222222222 0.67557578125 0.7777875 0.6852968749999999 0.8010277777777778 0.7019984375 0.8016444444444444 0.6986140625 0.793323611111111 0.696178125 0.7601694444444445 0.6934953125 0.7476625 0.7092562499999999 0.7330972222222223 0.74756171875 0.7281263888888888 0.7654804687500001 0.7464347222222222 0.7708437499999999 0.7711583333333334 0.79161484375 0.7955430555555556 0.8016804687500001 0.7825527777777778 0.80096953125 0.7553611111111111 0.80656875 0.723001388888889 0.765946875 0.6980652777777778 0.55823828125 0.7297986111111112 0.57066796875 0.7634152777777777
5 0.8102335937499999 0.6716083333333334 0.8411203125 0.6987944444444445 0.86335078125 0.7078597222222223 0.8735546875000001 0.7400861111111111 0.8831398437500001 0.7846430555555556 0.9116546874999999 0.7808555555555555 0.9565093750000001 0.7770819444444445 0.9711578125000001 0.7610874999999999 0.9678453125 0.7382472222222223 0.9681593749999999 0.7105583333333333 0.99921875 0.6953222222222222 0.99921875 0.6756777777777778 0.970134375 0.6515055555555556 0.8153406249999999 0.6729791666666667 0.8102335937499999 0.6716083333333334
5 0.00227734375 0.9986111111111111 0.180975 0.9911027777777779 0.193234375 0.9192999999999999 0.00346796875 0.946338888888889 0.00227734375 0.9986111111111111
5 0.3265078125 0.9005194444444444 0.33883125000000003 0.9326027777777779 0.35080546875 0.9711861111111111 0.36563359375000004 0.991161111111111 0.36976796875 0.9476902777777778 0.39099921875 0.9200402777777777 0.42751796875 0.9122430555555556 0.47445390625000006 0.9109805555555555 0.5031156250000001 0.9321736111111111 0.53223203125 0.9931097222222222 0.5664281250000001 0.9986111111111111 0.58102421875 0.9652930555555556 0.58313828125 0.8857569444444444 0.7022984375 0.8701819444444444 0.647915625 0.8220875000000001 0.32670468750000003 0.8888888888888888 0.3265078125 0.9005194444444444
5 0.6837187499999999 0.8581277777777777 0.7102968749999999 0.8655347222222222 0.713709375 0.8567513888888889 0.7207671875 0.8492500000000001 0.7679945312500001 0.8404055555555555 0.79526015625 0.8416680555555556 0.8263328124999999 0.8588277777777777 0.8319398437500001 0.8889527777777778 0.8509718749999999 0.9275916666666666 0.852775 0.967536111111111 0.8761984375 0.9610805555555555 0.90006875 0.9497166666666668 0.90787265625 0.9290319444444445 0.9029015625 0.8609583333333333 0.9088109375 0.8453819444444444 0.95609609375 0.8345472222222222 0.99921875 0.8189958333333334 0.9411734375 0.7792180555555556 0.6576703125 0.8207069444444445 0.6837187499999999 0.8581277777777777
5 0.8396000000000001 0.9986111111111111 0.83850390625 0.9887847222222221 0.77633359375 0.9411402777777778 0.62713046875 0.997475 0.8396000000000001 0.9986111111111111
5 0.8536625000000001 0.9986111111111111 0.9979250000000001 0.9926013888888889 0.9936632812499999 0.9396458333333333 0.8302554687500001 0.9772722222222222 0.8536625000000001 0.9986111111111111
2 0.47278906249999997 0.1905277777777778 0.052109375000000034 0.08813888888888888
2 0.993053125 0.7844958333333333 0.99854921875 0.7788777777777778 0.9966265625 0.7401944444444445 0.9971593750000001 0.7285347222222222 0.98365390625 0.7422263888888889 0.993053125 0.7844958333333333